-373.8530926483841
-224.42440109949877
-62.51831272865449
-412.65922247170084
-30.612862831288368
-492.96660986472176
-175.00673375161983
-74.84727172246676
-153.49391283356405
-245.95786670123678
-217.43550156407156
-335.5609242558778
-215.6606695777096
-457.9064138975375
-405.2398462962847
-575.0177135832103
-166.6855527100804
-107.14788193413833
-268.9089540605414
-356.76790192015466
-484.4797583032801
-246.82515454177934
-288.7539177123822
-90.61556602121348
-177.231664977927
-184.7031548683161
-86.20303532875604
-235.65324647553678
-143.97950092257594
-139.4282485924805
-283.0673447674238
-225.9360027173853
-154.54754378086471
-63.10086596755748
-183.90880352845969
-102.18627965964325
-440.15710463762474
-274.2714577141743
-146.51215854648325
-323.23280760459284
-157.5494887776732
-222.6530077112835
-390.09856153278395
-174.40037992525723
-158.37756973326742
-293.13257567244443
-58.114688130803856
-199.44128815000028
-429.23345698065737
-381.8378887502264
-176.54853039656354
-196.54462539084386
-315.7060958243477
-99.66763143673339
-535.620673317453
-96.78394083827929
-103.70546660037454
-245.94451648569412
-151.12733169654484
-293.5403811503587
-275.56152749473915
-234.85237096742048
-220.79975524900448
-279.7118657424444
-8.339502732064517
-192.10978272282532
-265.45746703846373
-178.57030750220065
-79.51834766246112
-85.66767504599188
-104.25648446290403
-213.3179617935258
-23.62989347841362
-185.36828417835903
-172.29519907950208
-59.87635925964287
-138.49684433783767
-329.02131195269396
-137.24175254772382
-173.18793446916303
-115.94844974388573
-96.74158001453532
-46.18845268638127
-175.4648324253052
-116.22046615710136
-32.233170313503734
33.45505745620352
-247.8970325657272
-183.5469345656952
-150.03786908140054
-181.57543508411044
-157.40607483347554
-164.9507425813976
-211.31188893250612
-141.24695994098457
-137.5415335187301
-241.39013910574388
-171.84762724316187
-80.79388911572477
-218.63047323518217
-171.4687284116593
-230.25424744409838
-240.22672212960964
-83.1440825002084
-170.02183500943246
-246.76959659165706
-94.72649333993877
-89.97023791499967
-236.62886539351652
-268.4553047884151
-31.396134141143676
-117.93678230574594
-98.3268514920122
-214.1392966069651
-189.2089914322596
-109.81940808995668
-221.9420447179395
-151.12004801846044
-157.81025979876026
-135.43326200272185
-72.14149771325741
-206.29675423535784
-100.46036250016355
-254.01558000670985
-197.297522323154
-88.23033087523521
-75.54691909666701
-158.23291928589353
-218.85377979207777
-35.95327877203076
-106.70650570372135
36.84491453385763
-230.7633074020365
-95.1492947874009
-178.2313139788518
-92.69627432058749
-125.17924208989449
42.14649120976645
-79.23598971143858
-67.00020180394675
-142.9826222734846
-328.9552559437585
-73.51970188074954
-257.2008374247225
-170.38094051396092
-87.21344008282983
-90.67109439870495
18.717856056552904
-166.16659618426982
-221.90523012062408
-126.40801327463508
-86.00103331508507
-181.99991227944264
-90.84437114792829
-171.64589483619181
-1.7806878794623486
-191.9349780848542
0.7518210747566059
-238.11080835762948
-56.74931302633465
-133.04421830364302
-170.98484339819765
-223.37455440803993
-57.55817611375416
-181.49005911228087
-47.21884511081082
-125.85978621982636
-110.58640630312141
-113.47381468631758
-16.73878527365592
-174.062546422462
-66.35771073342404
-333.02689916809925
-164.00015849029103
-26.889512587944978
-210.13625654180197
1.0050591868819936
-73.34359691262668
-101.05799627567751
-155.55988664541525
-134.7503740506429
-181.0008918127495
-79.7680204928791
-52.42200213334107
-145.04502434652903
-262.0441643465407
-54.545442804308635
18.344453510561365
-115.21522950467833
-91.95492372463137
16.717419874186376
-5.072254722421263
-175.10117211122883
-195.4311389125039
-250.05491276185072
-77.28074590696055
-154.67023114701917
-79.73423311469968
-251.86832404216807
-101.95993411272542
-73.57969256428504
-109.13103857690898
-144.3583331027267
-157.43648257946631
-88.37896808362645
-253.4383524356214
-45.276311271576716
-87.65485284725929
-48.76418075805144
-77.67148837891523
-98.77618552768475
-105.90994613531761
-57.14114690716518
-20.626252298097867
-88.16129516666464
-102.78889534369912
-52.30169508627188
-149.80131693719278
-281.91395336005064
-33.07395529223736
-46.67019928795784
-103.83910825838507
-268.15222032764103
-190.90439577875804
-100.03628256501393
-92.66588324474549
-135.50085890411913
-11.865145878788397
-248.54229580084305
-62.520852653972156
-134.22111209693225
-74.61405297184851
-27.119520146769673
-120.18389331077603
-116.37641209066663
-94.0685413714176
-145.97104224692288
-127.44032558435643
-242.71541450567435
-102.66462580957062
-50.43247070365708
19.161170561382733
-179.6279595189053
3.94846002255386
-47.58922989958467
-35.96907212470407
-125.33924803136176
-213.33305913027542
-66.39603757087384
-14.128258578283848
-8.721589147911189
-119.94102974429502
-35.63313453261233
-77.38652483169578
-270.8051023650513
-20.394751251317203
5.902105128576309
-252.94533330463588
-164.76707598085403
-197.93791153222293
-281.84791752595027
-111.96986956678916
-54.29616365960672
-263.81535000823766
36.265637949109475
21.497278821698526
-84.86730659673061
21.537817545699482
-102.44360111222709
-24.844359531921967
-167.67289162345227
-115.72417047450453
-123.46134570363667
-47.132587729144795
-4.2183842996867895
-157.19296291479898
-313.17528168402214
-170.51651006259726
-146.75730047264108
10.92430308315285
-169.3270967538605
-27.757733723606947
-189.20759930103065
-186.51972485466518
-16.55221952511792
-76.43858342873612
-81.10689290971206
-103.46337664553052
-265.83217816613546
-226.66093690763887
-189.82894952347186
13.726377553152929
-26.658361461970884
-411.6153917071621
-32.85119389938089
-56.335359800057276
-73.70402163476084
-130.36411200930536
12.253650421173987
-271.0397171471507
-88.56672134473871
-129.1078104367852
-52.548711691897324
-29.343185659323254
-200.1203163988219
-37.668630089911815
-188.28274640255762
-193.69578033386375
-195.4970706115546
-244.59295622930148
-40.24055675355436
-42.84743192398554
-63.38002545031672
-195.55560074828804
-96.6831041491874
-198.81182047334624
-243.10847282817738
-150.4482304426937
-69.92384842781976
-83.28477931663372
-345.62896362876984
37.41936343179012
-158.5194684438452
-142.04523633416963
-265.46315592655293
8.75421192738311
-53.33664940514326
36.09756185848525
-74.14233567177595
-87.01715240938705
6.407876624404736
-35.8678387884018
-58.927053672776225
-31.51142824017505
-163.08716391279566
-224.852008393372
1.5954457121789858
-102.61870626503938
28.640229105726263
-87.851516097621
8.027283828019137
-144.20113688354672
-180.62156402027603
-96.92418366830745
-333.7360302785962
-76.10569020552724
-279.18243283262507
-96.24716822242478
-74.3684208479362
31.150466972853877
-157.33434270620776
-265.39602835242886
12.338938431197022
-9.50274803968445
-107.38747512346032
-185.46148650578795
-122.73977220101521
-215.12348585814044
-56.87628507479945
-86.40772803058447
22.59809808696521
-233.40164183274103
-11.933559003081442
-83.60189034224628
212.7714948008961
-6.647011123554918
-135.27726743159167
-296.5000861478322
3.472376816555176
-71.47053266746484
-7.076065755095033
66.48618120948112
-179.2887118744152
-206.99588895035814
147.47330370341786
-322.64274879547645
38.77871813187697
-60.72764592296937
-43.18434918928605
20.959471723201226
-152.38963076177842
15.465834674116035
-207.08284733723502
-194.933418583904
-84.07882213586606
-125.244797073332
-267.66764783854967
176.67294563635488
-100.5646230866836
28.864828631953575
-191.61363296493104
-3.9906866334487603
14.409895179731008
49.22418140027311
-217.427768508959
4.434698842656903
-134.38473678800278
-81.08422315994338
238.1617182743591
-19.180047037476655
-92.64721739436777
21.89437484157648
-143.5741600673978
194.10564146278327
68.89337613764519
55.8721089498861
-66.70258057493845
224.44851608179877
8.083647000869338
-93.432146688097
-204.9795923040516
95.51889665816167
-235.617502421029
-161.46196242930247
199.72766096103902
-40.71792522224308
228.7799262833989
117.9506464283057
-24.21189157776537
-251.54109765601092
182.18121160245119
240.92642026010878
113.97515215569243
84.10023797077166
81.01027381325693
239.32948238933906
109.20517222915576
114.77441100893874
198.2591482407767
-5.313797669652558
234.02555116625666
-48.07962498509508
-54.89549251596344
202.12762609214167
-38.259168247378675
-167.31832887592407
-166.9738587462426
-48.422038012531786
-240.56370165774834
86.62070184196565
-208.88852161997036
90.69498354208852
166.98170097926078
199.60102496305294
250.2606445671398
83.53027195367316
-263.9449684356848
193.66078859223208
-38.39776755706961
201.12493512741116
207.32382275307367
110.59754447347662
128.0158000938173
164.81850659915708
-46.50534781231994
-281.853956607066
161.05106721364024
-4.011826301587362
249.17645816178555
-178.37585733611684
158.49804828061147
148.485983409478
-26.20911622884664
-18.372529918555614
131.710484881119
169.16470352039738
3.091925059612791
25.978787542648533
85.7635367852497
220.30988790909208
203.36185946006464
196.96386086061833
-42.731043593830606
28.505028063651395
143.63333355614122
201.43585646032435
99.07655625904158
266.1870243354357
-77.02181864850044
-83.82011711994917
173.3836986420161
-45.547588602536266
196.61520940158204
225.56949252501124
222.25893794966285
78.06675575693218
-59.995920660430635
-64.95404288241362
135.25547941385497
247.2274886515628
228.8989414583452
192.4006344347465
-393.1121526470677
163.75582994918773
266.090825483259
-63.63449808850659
294.87234500338036
219.40327045052325
139.50564069188755
154.94296499513865
199.3419001196106
-115.62546077096218
-26.635340244034083
-17.4211235797802
284.87625164555755
-131.8069737986147
119.53369618077068
233.897661470853
181.62715657082833
-338.148809726644
-5.829570406766521
3.0960362462857347
251.60827485592415
171.22694875566594
182.08438304272497
88.87487497412127
37.18854899726864
278.50056254614697
-73.92545392101677
-217.6417373642148
253.6499374211182
-122.05548682176426
149.20806364783314
242.77542986511355
113.6613515972783
169.52259165616576
273.7192915727121
271.025299191292
286.6117975550286
-223.63568471880532
120.86524716158685
-220.96690497826745
227.03012069236388
280.32748070526674
221.01697597535653
140.15250498799494
34.869053159586485
274.67921522780387
228.09099042767102
16.18837899276896
217.05233984094087
-79.03583592372964
-23.864460562591802
108.06362026393519
-78.81844336590503
-113.47357166104908
-259.43611919315174
122.09853233390017
-283.80336921468677
76.87883377860416
164.62923390338278
256.37306184457475
278.30611401981525
-31.626587722807443
-336.5306882776076
-138.39311931149044
-106.41024106685377
-59.18394814136683
252.82986739756404
237.4539130323664
84.76915064709182
-165.74066906124483
280.7263492342586
277.5541812577013
-91.36054513665742
293.4842543911834
-202.90834126336202
-57.63217448019048
140.42742574212295
206.9244904081514
-10.945413570140332
234.13948514236267
173.74752111677356
51.89431221711395
188.4589343169624
-225.8555059845321
285.59989673889925
-149.3958092943787
233.19894159715355
247.83014599295558
-27.994686491901163
270.8518631349068
289.1488925354028
246.29107133945797
143.21433313059265
281.5749035009607
175.35528373320858
230.68356007960054
-32.671510712621824
-16.42244813143904
220.44166435825792
1.1111760344519297
-15.003186518337913
-187.21947438084695
287.4646411437318
248.22451853063083
116.50866990944547
300.18307738503677
278.7720442440898
-208.19598858087912
-51.88480605589958
276.22580477660244
-32.593178477232755
187.10262831934443
24.51819240463786
254.69318616073133
-186.59997517845107
256.1792382735389
-87.93873339072655
232.86588202628624
222.02549671823067
-79.88961708892572
-39.339280462042225
-71.26437322014314
238.68844691419295
175.03049789863132
-71.75297617284485
-82.06095492699532
-164.75017617876745
111.4952407992427
246.405484967414
279.3369646504147
174.67846791516644
279.6679926396597
292.1493602953691
-61.85143845586135
143.4118499845848
215.0368789683306
-10.411810503428185
-29.24674281829857
45.26818449594728
197.3893897878055
8.673296471886601
265.21353876940964
-507.9519965136984
253.52334045700601
-138.16978028967367
188.60059474761357
-108.82141797265123
180.6349490121624
-55.1582434161684
265.1518242037747
-53.97020554346068
39.586536812279036
-89.84147083263628
262.08113202284403
237.7118302937986
-114.82382898369461
177.70526307809217
-131.44225654015224
246.96141299251738
250.9366958409549
218.7582489180037
293.45404501364965
221.40550886459542
-81.30818126159161
141.1215158468845
-235.08047399123637
290.5246414569328
267.771335195388
299.0172663925746
49.41408133781037
244.0455355051178
253.13096569835056
-265.2712918002426
33.71809340584389
-152.52047814851656
84.71276730645164
-222.3586241521083
-24.24328091368784
-37.47862436890236
-311.510805309799
230.44345678889226
280.64555338461116
187.8828310845166
-210.453359747701
-226.1721399791133
267.0882291250617
-198.90165991731715
-179.99785693824907
-294.2469222659132
192.43947353338424
210.87661390134582
-97.77903245618174
217.5872464229157
-87.30896363533788
3.809387790017601
188.6903927912686
20.28684071317757
-85.5621206595191
-73.07955978594534
267.59647674353255
-18.638448581479025
-11.807023290384564
247.32228380854392
112.93128102917085
238.66813221366917
250.34545921979773
251.26453522991517
-281.54383964758676
234.72843067658752
-77.41513938885845
173.60275876257327
-182.41349822602626
-89.09148597490041
2.1881572601823365
213.57525217190695
-35.50100942874241
161.5490414656537
-171.14980530554658
272.1821181272054
45.230036739136494
-128.6097630693584
242.61167205400474
212.23313539183098
47.8297254748133
209.90329448791516
-23.008050446637498
-55.757184780813
97.75523957606168
250.1495361942987
312.966371897228
-128.59053400584938
287.1884949270992
-5.271744113877219
254.1084406147288
274.57548878820006
281.82611489982617
-73.84033785577124
-148.9352250782289
176.96783742485349
222.02304178605152
248.40868260980696
-167.6737221174181
-9.33662316343252
-0.005130740010713453
245.58479320925684
-5.490409537169635
285.19251029954773
231.77918026097288
91.53676720907441
274.57745330576563
-265.43233546426035
286.7657213468974
258.82479692780066
-60.901112327405876
-154.0795356460704
-181.27308871173636
-99.03207851355961
-29.24567928873023
-259.95636325448925
-28.886442249364094
271.56978910676816
-198.72641018668315
258.75532546279817
281.2472734813924
173.15772166814028
-69.57032067473159
291.84023566012894
275.73238922621266
301.23758545028954
179.25946382191773
-229.07722817008897
279.58862899527287
278.95861537509666
305.6784569234393
181.85093268252402
-207.01234671707135
-58.23843258344167
-236.14214518954913
281.59811216096773
-139.17521582086334
109.04158018665707
-38.239773200744594
-190.28401736680502
159.88539270272793
99.95490814475683
243.87782136176577
95.67061221908797
249.02249798998128
256.0696086009583
259.1391476278094
-39.345030800904965
281.7412258765088
-16.85874309471417
232.21251798231611
-60.72392926067806
250.86667325525235
242.72801143544623
198.75217588253747
23.773679523938725
-108.88924668611119
-73.74422429784221
258.9389513337843
78.2213877122254
-109.86986739898543
-136.88184277618404
202.19952862578035
208.05846962313882
19.928537371054475
-101.06011990591007
-107.02187955885572
-204.275568233625
235.80528402858107
252.09554755330882
242.49426956327895
211.15872048484474
237.37639314962627
13.19487757374391
213.42598094546076
-209.69969773801665
283.6408268789969
-89.4779039402732
-137.75184773669545
-58.24313704363068
271.0038483751265
140.70347774571803
-40.42454362306595
203.83194289342634
200.34397667288812
172.6108728851365
26.850743054302654
227.23099094272226
72.8391425606552
34.63326297987422
204.8007478724429
-36.36525916927124
205.85397301101403
218.79185893851144
245.46028376833695
261.55058846554414
289.62419292167203
293.66650912646844
-235.3385959164772
247.5099890449641
-7.122171518023521
11.289948663037478
-230.46735126139959
-1.7183793708165922
248.1565740578274
-305.3610770986243
-184.28814698835194
285.85011652898544
227.47084455232186
-138.09513699461564
257.1488447543533
-14.712666250228239
234.09688941264665
-315.68817937657894
262.61099201518306
15.990880450770405
-27.785010926112875
-9.252372344037454
223.36468917792445
271.03806768459515
218.77081570843336
210.50027413991927
-76.60826484498682
7.5130565754128895
268.35482429176153
-25.8038560148905
-190.38281848366307
281.4609401129585
-33.31759430992672
269.2845399704082
-130.78910721433706
-335.08027291279143
-43.71745195900765
222.78915915543888
32.33069250874371
-187.58519590613622
291.3948690857371
301.580423199611
-1.3543928470199518
276.13627208200137
-67.70539895067878
-197.6237944350151
257.1136929847863
-55.02032291251505
-61.7025963235226
26.3881483243582
-252.60649656741055
208.26592775770547
297.22872042242307
242.01322049121296
225.47040355033374
-90.90341250885449
-227.41685841973785
-79.72867091263063
-37.454686174538224
284.63275844038685
247.26699419385454
222.52147111923426
190.1239650513024
1.5925344870282885
270.8354761325295
-41.39038854823825
-3.1484614879542505
296.19600001746676
36.40265078541242
-8.54296558168437
-4.942995046474266
-16.86855548468216
241.0857059860959
270.99381829348437
276.14588760740196
203.0457438116457
271.125871533768
275.80714159634294
230.54996810935796
233.6992434527624
-225.01973228355175
-29.683232472778116
227.13769123922697
233.40799077692853
230.65547866076284
249.3026508491636
-194.81044775280438
-4.296204964346629
-120.74653594174157
-28.44358599754983
-418.98778887388227
256.58155109498216
245.1638037792473
248.8910389648234
269.2403285023116
61.52978870663641
-16.54795949720561
299.61260724306567
250.16648763997603
-17.65322853746852
232.26630244446596
29.478505976025957
234.60568783231975
210.86136451476676
281.25930040152224
270.5209920838099
-295.59020861631893
243.06356896548442
-201.03762977334677
-232.40374777740706
-120.98924273532037
260.66787861380544
-9.162448170310299
18.380675005874224
95.0586867750441
-228.85512213816503
-213.36613887116204
-2.2006254684488766
-94.49738477942175
-291.7330430317319
-18.076450116206914
225.5991599907308
224.91130431422903
-106.74760712507762
251.60574696995832
244.92173910362732
-129.27267022350213
-265.47157196563745
220.21758590508432
-32.732274075402415
193.55683881649804
-69.15959641108037
4.911788798089447
-55.10071668581616
231.44938849420544
-216.5558215025411
255.53197996000097
117.66080094402633
-97.32368772167395
23.919838183047375
255.57979207535638
242.94400638934178
-536.1008739198115
247.6494268052392
37.84702932756824
33.96489378050716
196.48988098351333
235.21982734642626
281.62032703831665
190.9839835681813
-197.0060687418014
233.08498080866923
-239.91343582751318
-17.14966568944996
9.419778042507218
65.7392001790003
-140.18575577404727
164.14480186535008
-8.098633446958601
243.8616678381696
277.9688260225721
271.07362746414833
229.60369952207486
-99.2933351453779
276.4436473490065
238.45133541682648
265.83849383089967
15.275807229274037
-1.4957596924674306
