-368.79269549567925
-206.13373725785425
-228.8940302675786
-488.1061039735881
-492.8775313351073
-329.9870207958865
-436.90609076015556
-292.5295530016273
-512.4293220424606
-323.42088293214044
-338.45843537681907
-335.5930415512845
-357.0949233686965
-198.25143284049219
-71.40231199364257
-128.46860183189474
-233.3305976737518
-213.00407324820736
-349.1121057950111
-188.00237660617003
-168.19170319750316
-128.93233345774132
-79.07245701093547
-215.16238148151018
-58.337218439135015
-440.4925041226391
-352.93909370404907
-171.62309138930564
-412.1007641132614
-279.62379298074757
-189.76195647283765
-156.08369437443642
-213.78903038753566
-78.6514872668182
-238.9676639862959
-346.2062727157331
-313.1681897331788
-87.56145612415602
-253.4098912834668
-222.73709797022974
-93.94361643868429
-204.11662637747554
-236.52534641260468
-78.11150508240635
-193.44939294052847
-214.53096100821824
-64.54434741050244
-88.53202314109933
-164.53400827832357
-223.411783551983
-465.5833907187081
-124.90506427367104
-423.877207836392
-369.9338726980085
-141.44161543532073
-67.2461542015375
-131.98799125100533
-278.43044631671694
-146.13068606264267
-220.9918933746187
-38.73260258896796
-110.04242747362696
-112.04510725125493
-143.58317131147905
-238.8354793018298
-56.62219668586959
-144.20469753499577
-184.72496603145294
-183.10519603930746
-97.83846755467971
-31.355674480584156
-64.64136959341087
-180.99585609250516
-210.42779322528847
-111.12161948052567
-185.69697191134475
-180.085992146056
-108.55238631398466
-114.40501505315432
-125.7147286494905
-127.9712769680126
-125.7543285191627
-330.4061000864841
-105.82565179770037
-96.74544136828514
-101.88868772953447
-30.11290895917716
-108.79614550560973
-111.954228919812
-174.81053096630416
-64.25269715109644
-145.56157276168375
-232.86230430460898
-105.59328527990549
-94.92110091022654
-53.121544531248645
-225.7740227702641
-105.59377530081417
-57.53064476934786
-151.8232643259696
-123.31909482365423
-35.56899991289333
-206.7955026403373
-60.75555493030141
65.93923887940484
-118.89772016047223
-42.81438945702769
-269.8567115447678
-94.47437799142301
-55.78772171001775
-45.96066541925954
-261.471611539631
-289.4727250086013
-96.92567749958494
-97.23065931842741
-138.31594415407534
-78.08262913769664
-82.52392906023908
-294.0841891299176
-94.61394730054981
-100.6837892861515
-134.55922365619165
-210.82086986749232
-131.07084645901668
-235.8719903996578
-78.274356058318
-265.93356580045327
20.208193986425186
-278.261190597047
-208.29010006535967
-48.130768110654984
-105.44578795882212
-249.56583801944979
-296.23620231684805
-50.6619995912162
-119.30800842180031
-100.28852552732874
-92.47226173957472
-33.03856548587022
-99.03471044088958
-15.872636359993109
-118.9196997232786
-91.03726675247673
-56.40605820268504
3.7649698193110908
-283.9022407288183
-50.903218327894656
-192.31282049013686
-238.73347007373772
-109.15587181356986
-252.705095589934
-250.35590744240835
-46.04976660088936
-84.5355602509741
-67.72596777660789
-100.866207268116
-47.623162598666035
-66.88145057762668
-181.10687324454454
-35.65316544363385
-80.50989648320085
-89.28382917485214
-209.71598954962235
-278.46409702586146
-165.53088785543832
-40.19356807671778
-97.19556439347163
-12.15267404951085
-95.72800752793432
-259.07130354065043
-123.41383262038688
-181.2989112753811
-110.77859796837912
-119.22423805468114
-207.12805115452744
-118.85418726276177
-102.16178729666095
34.85529958669258
-146.7332964642085
-78.21467119086925
-179.48235181623812
-8.591841113247753
-228.4320503121888
-258.9415747005034
-58.42266647123899
-181.57286177776678
-56.203203016030955
-51.75889415519241
-123.87626595599738
-13.226498283525686
-44.52537876257327
-51.9903255435929
-102.06741349934336
-148.80997543415535
-69.44669697158125
-217.76238858311888
-177.65835299272072
-292.38490494589655
-331.184391906232
-38.994055165671256
-145.84637114699854
-183.8774575208471
-107.79132710333676
-88.2270931418332
-174.13705721866478
-119.9073075181749
-87.90585781544249
-157.64503222353963
-142.87743157576676
-54.680811673705215
-326.0963143731142
-218.08481088646008
-68.13106091699836
-202.45761389998177
-1.3460099302845905
-30.235365270859603
-188.89951708394466
-81.71911709779256
7.1317851503461895
-85.71539593561606
-31.02107685795238
-50.993467751277535
25.058184511465868
-55.10695361201033
-180.76000497799126
-50.04093238236585
-57.757690843998304
-147.57482803696354
-142.45154797265857
-83.53431125971275
-115.28397298743255
-32.124731473817064
-104.32189684881219
-59.587891831375295
-136.13337979334025
12.568038276345975
-3.199883631411012
-63.963942587917906
-100.7430229956914
4.559520499189162
-119.94175196857138
-76.78200664155332
-117.58014763748221
-40.823380020617094
-405.30622793688576
-97.9868805081578
-106.15566296592677
-60.008637431479535
-41.202073614797456
-143.37851408307029
-39.30557447835608
-273.9152675184225
-263.11230745608657
-199.68874836760108
-48.411869590953785
-348.285240773606
-327.6847423244776
69.13784485583837
-14.877590395530632
-102.83259941827949
47.21324150109231
-48.99179880260883
-326.97707698382067
-65.54903824991467
-115.47997243336386
-127.0771321546954
-182.99168819435442
71.00399490411677
-189.4599748560821
-179.77152777908793
6.522390819338426
84.64889879348146
-84.8799458757453
108.37305130746263
-69.7652880189757
18.643932353826578
51.66900127295821
26.06494480347162
-175.2754018268011
17.867938031221275
-32.49592895850036
-50.099205967067434
-241.20396700251212
22.49822570701356
156.25482740247008
-69.70259937225352
-76.34848269629188
-225.1144917878703
-74.31152674983373
-0.02845553293426195
-163.72236569519924
-44.90416024561202
-72.64149827097786
-99.163418135507
-87.42352472956466
-210.46302621702677
-0.4736008163678349
-84.14140087470486
99.38248264617269
-20.654406617612608
-180.4106631190324
103.97305240847388
73.15607695556072
80.81911729395098
52.05518326738053
56.56150966798725
11.936495611936124
0.4102700239754
-92.53983610503785
-180.773644016097
116.38225899897975
-85.97790652283628
16.893832371940434
47.911066245092535
-73.27472406473001
181.28212567994518
94.07100690102891
-206.60034210669204
-71.38760337620887
-40.310139998774105
11.084982285350435
-151.30451326038656
-205.43781506747177
-192.35040399272435
87.96406726530836
-197.28040073472263
52.865425824252824
105.40154775367992
-31.829274023986727
-169.93739926875
80.33414491050071
-105.40507301127349
-85.37821635757153
-115.88092964501055
181.46871791145045
-165.7290235166542
47.7604075383352
-27.22732222016512
-240.26735210975517
15.407088896245313
162.66126090890097
-3.5288562442450626
-7.3460793289911965
-39.94320203270611
-21.33878666066906
-286.3772178263777
-36.42964283467063
-102.96802495409072
10.918280532155949
-28.747122789336885
68.9634725601403
72.24069501694481
194.45956537353013
-50.965400227307484
-231.8181273662126
243.55345120281387
-92.6446752636651
-228.97887990336974
-4.035329712215926
-226.80697654482577
-58.7669823516258
231.65515417786958
-62.86645993448981
3.8198764238392613
173.96329600362458
27.30631389898546
-94.39929198250236
-70.00650034551435
-119.12082590150958
191.4344425515141
-259.4939499735767
129.3785758122085
34.638052000788946
-63.11895031665237
153.09491373022627
-208.09029750209442
-43.31712010642147
-56.503012036135004
-15.43353543992528
186.85873966778678
98.43438353279714
20.16764113111461
-188.92240382475723
-114.27469554223198
-70.0236616621989
60.31027590938794
1.1882537552652366
62.06016059682001
5.92188079328867
44.573021685917766
93.42625971648349
-78.8316984623693
-92.9724513453175
-96.83763441450046
126.974587467978
-39.131303763254564
76.39187482371923
-109.75401414670989
165.2598624451351
123.6377795790293
185.44436581107345
-9.346003029532
-113.47731968920974
33.51473751938639
27.893740131099424
-156.3999170714255
199.5693399825475
-52.896838312599634
233.1841990796168
-2.7552171453467906
62.75275769280796
16.268135173340085
265.7221439947831
-9.856481275684885
-131.68410350367225
93.82948823546478
-30.856865511236634
234.16112980964436
197.65274557354695
-105.04990585672084
130.27836825505318
102.26678685503344
216.97441653009685
192.44204146050407
-35.54114634071888
-67.23591270418675
-60.46651495516047
39.097775242888765
259.3024228365674
-57.30863817046588
-126.20467025212713
-28.986651494325145
-6.677075335329502
-10.379905123048317
234.04896871995703
266.26375685851474
-67.46827849596254
236.96640715043898
236.41093600957012
-122.32454261759902
-107.81541114930573
231.2603052690257
-215.17956629048035
-37.06739442890432
-78.33384835293256
-163.99915754695047
-17.102698163064275
212.84508495824403
-67.45589184435029
279.4999846755108
-361.6474409900848
306.64984380644637
236.13801074464905
207.9718650150408
201.12684287655378
246.82575990909902
-191.68566799534037
-217.72478276813877
222.66727322479738
0.3183489006418654
266.1873349909799
205.29539883876186
89.30321378995635
-75.82148590735474
125.30482288907996
265.39508636491
288.0744529667826
34.727522992382404
97.64044210776873
-59.53831484680269
141.3213274604356
-0.10139211560810679
-47.38877690289226
-53.28610397013108
12.357797919681659
-174.58883394396014
278.127907912159
-22.33098112151349
192.79442594141887
262.7252745910291
-170.1864542283506
250.6247710032477
285.87399324435125
-143.4887055685959
-97.43261626142254
-96.24274694364328
304.3585416618737
245.52044497262955
-225.3176890536713
-54.00650589727398
229.94337334608366
219.2623784943862
249.32739251382586
-146.4691194503053
272.16956993745885
250.827245400917
203.46505737721927
-79.91481432538504
-120.28758069469708
235.21924933888425
-28.974640138949155
192.8036685301311
-1.4492124456733961
291.2758994496429
235.54064391392487
-157.61174816354938
168.09083427000093
-124.47263458405524
190.467282278646
209.98070072170228
243.95720796145895
177.0033146799267
-52.20217471892522
164.1792060832543
-34.75366448954874
-191.97103844692577
-152.9266411658595
-158.4417668077779
-228.09898946543515
258.8243123450578
173.20536005376306
-271.0911980814505
-23.923920641731343
197.4706994163214
277.75970811633914
-73.50358508341
214.2344015664982
273.6855956844504
-47.57063503248837
139.00253731000296
207.04788535014785
-29.18780350652402
-431.35440312614196
-238.90404544282984
234.44580337191033
-14.889986779418464
-135.35552100383177
-245.30667835239544
-11.692575918740033
291.30574206222764
233.6991460603895
-76.27357613281971
139.83213676078327
-44.109645924627756
175.10512348347436
61.97803611106545
-197.4492948273695
-157.86576449178557
123.67841627327864
183.74845295243364
283.1091096998499
204.241640192205
262.88914397019585
-110.80447339974559
207.99367185403432
-216.26136447869243
257.23394650993157
262.2185538291849
275.4128396513477
256.7526058487748
272.2788945782751
267.16559889853573
275.63209546267694
-103.82303530386727
215.16402595239123
232.20794320690806
279.81941355005995
273.5655352946992
-261.6988615274064
263.35416081669547
-568.6282961126411
148.5624019353115
229.12272222835605
-97.5280268873963
258.4190076417169
-45.06440440089429
236.29520675974265
-65.53708614079312
190.02731647419955
-27.667362627199168
275.4698266838513
-23.51465570919241
152.70811956607108
267.25048293851023
-299.55743879772524
239.71202753601906
-48.610989407039554
-36.40807000101735
250.67913535732765
271.43961039518393
-78.86569508485168
89.56808788523712
240.19702985114424
288.91952622233015
-51.33859952755011
101.84911514757906
-173.26763414836623
-3.365811829914861
292.72122244649677
221.6518736098821
255.10282068040547
-114.98902515282364
-92.98442550625106
204.5477092837885
21.42595712333923
226.88524125708366
-64.47798575604659
282.53954291998383
18.12232227828639
-10.593204570047021
268.8256367652749
220.46408280884532
254.9332919049413
251.7883136316522
227.3100904635723
255.12915689622207
-140.63362113591194
224.3362522238678
7.709302928710841
275.4446179678999
-68.7805738318743
147.88855039589376
-138.08109603520694
-166.13751409574056
229.6958090499101
273.63689189429306
-85.63534437617342
-45.78782954057549
153.8319611732406
253.48700396291542
207.92123123934164
-9.149905493869554
224.06820351033798
-14.959196254755582
259.52175228452256
247.70586205922274
-44.12982862775293
-49.14326656316707
-76.8544605573759
203.29265401869992
-96.06719203951289
201.37340016535202
251.90064821668938
290.045543143592
250.6722977551895
230.56137286870285
-82.28990845298001
-122.00249726689336
-112.62814354818738
-104.08588653379283
297.80486817750375
-21.09422771013965
3.237644566343249
-131.25525890195806
-250.28800006079743
-72.52712473408069
-127.3037074977474
255.61527251304858
273.47986426695275
-116.5246305805928
195.46805322297558
240.17184198535165
195.15554662644783
203.89998073100082
67.50606047216716
253.68289638118864
288.43334535194094
209.47578287889957
-65.01744593416599
243.04886172364724
172.51692147891538
269.4422149612641
-162.69111870429515
-15.749715058881762
3.078673283022951
-13.576580709374312
131.10233116492975
151.0634154134733
-180.52590373106912
-97.72799917836863
276.17450935617813
-13.407534385141275
-42.23561469886519
-32.754394150286956
-161.9264528196057
305.6534634826395
-317.55709971067535
169.15852067586042
-99.30981823151855
243.2052077970128
-22.621887317077125
188.6436748360108
268.4836492280474
217.5091995263864
187.5266703633792
241.60626135141794
279.8432816881216
50.79215053930142
-290.7251111538287
267.84825960536284
208.97320718312682
-154.35300593026113
217.07970371745964
203.3591291331319
213.4539514266039
189.51895224524108
237.71230048401657
240.1670398939252
-206.13748181891924
-59.26742652799497
268.02531049278184
-119.98566611261374
257.06492008610724
37.25491145991825
-205.0673741047507
-157.8301325908992
246.39911089892723
274.710689606644
110.44804458776743
228.66555096941315
-36.50536686959596
278.79178406536187
-180.19482557938915
45.567327541875045
245.14024421230715
-78.46984486405378
-1.2957996983479916
73.70688783817488
274.2693214939704
288.5633409813764
239.54349264840255
266.0958246583383
-86.39188146733122
-29.70496890691281
-290.71768450382825
44.83069171539515
266.026530902223
261.1415146316367
269.508532833627
232.72061974027773
141.5326312632507
219.7164286429942
269.5240519610727
256.4086349708904
-197.49834204155235
284.5759024160857
285.7276295135383
242.30838669683902
-237.8670351743637
2.5867599959267267
-30.520629458517192
291.7655497920864
290.11905994798894
-131.2370822427528
-76.26735919369158
210.67961994837106
-63.37004635576119
250.11043123941576
254.06706891437648
-54.61979305521891
-194.27364503993078
222.63455606272183
256.77522838916434
-10.187965683692
192.8913639470469
278.16296310244365
235.72402361849947
216.2981223770945
-80.34941825591184
249.12971178371015
283.9511142216604
224.5686133632566
-21.661600513764654
288.39001493070833
254.6901596188706
253.139507355593
237.47069268855262
-15.948817343775161
-164.85900143677375
260.91875184484536
262.8542390492475
252.1572804180166
241.41458869225042
-110.26845307558162
265.15079287017153
-117.77036605127748
254.7647862914395
-195.18236733980012
-29.401515026349102
229.9774478846927
218.00978165355463
262.72583163270656
234.1518284129336
225.4854996715402
-15.974803679637773
223.4689395314922
-21.161087258155717
-65.56203776349909
245.13891202583252
264.0484813315698
-118.32120451182399
236.6901748907085
-51.140584746757476
272.31454054460585
-104.14859203374283
242.83571282776083
282.77631444916494
187.2931122125989
-56.80970922217671
14.490805176206266
298.8352428441261
197.4263794094996
172.64374102911788
4.256291138168891
289.2166336000593
229.04204789917665
-185.9538527258334
99.14479707997863
-26.321490478042264
-115.68227205784135
250.64284716165076
218.0250818386483
186.08074837763434
314.1866979868174
219.07732764916614
249.5939866028537
-181.0395376511338
-78.9321585799297
-175.20719884904034
272.3841312233576
220.55933604443817
-42.48200199468826
-203.61890860452496
240.79930888695034
277.97067086380025
149.00201268417146
-217.55093662984922
201.67271589906466
35.54319785152484
185.63944452254765
-161.20779998487947
277.44644994011014
-22.07445189442764
-196.92860553842834
-290.67693025129665
231.1339143249803
-40.346535897659564
202.7593553736266
251.6042801490836
265.2601125404235
-116.08799639534894
222.23829645295135
203.40226642523777
-159.9239959541483
267.942578096877
249.10211577581387
-85.78250814965455
257.2669988145293
247.55266193812773
199.26335969995162
183.2485182011565
-47.24916057573988
268.7019237470558
222.25408700385043
-71.50536036364804
188.35145629714845
236.9935237784502
278.9957382209305
210.77719669881606
48.05768904187519
-431.4464698892015
259.4391926890107
21.112259605343823
-34.761907129912075
227.08281826003127
-30.756845827974644
-11.853897528562996
228.58214200428645
-36.850487475001756
243.63705058173903
248.24876301465363
262.9152535277884
-21.258932937095125
-55.12174290838661
255.46629372757553
-32.466890492809796
242.8132890102394
-140.12542137172537
306.4181728956943
-209.0046058451552
265.82140990929963
264.05584506143805
268.09367555745825
248.4674280364298
219.07609767639786
227.4846355750272
-44.84936855245939
20.70491655703529
267.2358503381622
-22.2314601288291
-161.7679938041976
-196.10107309996286
-9.66059655122939
253.1833178792355
277.6942378358442
283.8637366159393
206.52188582686
219.39226266926323
295.38869434012156
196.7884970754207
245.8585750439735
27.457936189394246
288.6291864401004
266.43677956962017
-187.70607319667005
262.2602999636772
-17.65603657497242
46.369153204469505
270.32092153427675
213.08318944356188
243.34781521651055
-63.10097689372344
257.0221894620758
-23.93265732577528
227.174647386004
-131.92091087443754
-121.37470791403331
-269.6081380258764
224.41342350734195
-156.95666621012228
-41.19304625720959
280.1422068937246
280.8620258203557
285.6997922351952
60.49525027693497
-17.050939029852685
252.8880695217236
256.22825084023475
264.28254356128133
-65.46219649537154
-236.33193496807232
186.81483620979606
-36.76626130529897
-10.873296039483677
-117.5797806981166
275.35730445074
286.1216574541129
-36.19164210992332
244.05511009029763
254.76350599151917
-114.19135741708814
212.19248657600224
12.751982277272958
259.11747954451056
-104.95138972538815
276.2900531763112
242.8197890414757
-29.954928961014474
-97.54202862774136
236.228270051797
-204.73227328356793
13.29725185405735
222.67141231264307
291.4777354503821
232.88848208589974
-12.255263015786937
296.7982044062353
265.1038194365485
274.58629177632076
285.5213511334746
36.6754368566761
-14.773107225294297
30.103811785469816
238.155641683611
243.00392470114465
259.9012759219088
-192.05482781887852
207.49822579516268
-2.1549941034682547
250.40590855855683
247.0204630373388
225.90831994812552
260.10387195525345
248.32459118730475
214.0278952429241
-45.494537475502554
261.0371143516119
-151.0976047500706
246.0923914891247
-180.19994097522238
263.14754226533034
236.48940538327795
249.23032622161617
-93.44407033805568
284.94656108651077
-11.46542614741007
-133.54908211623484
-48.432152528638824
-34.24942381472002
227.75461842305455
