-326.84702193898215
-99.15770434322337
-353.26740215908745
-288.4270893392122
-347.2337745405795
-218.58754710315586
-125.16891500077988
-68.46888722546208
-101.13422831257917
-283.7217471196121
-151.17480830641938
-249.96910552255963
-173.88986075559015
-70.06251270196333
-185.43954012046692
-268.89459509003325
-250.55782579820962
-255.3353473516372
-74.23016752645611
-132.45845984544982
-204.86462565358832
-111.6856492899069
-137.02924614697218
-53.32840650494224
-54.91079503292953
-159.83762949201912
-150.51585474955345
-170.18920946879555
-336.10174671696507
-119.03113512210354
1.3845501702724903
-357.1955534691848
-126.27259781133287
-156.23007203509673
-213.49182018826923
-107.29983086133225
-179.3371011923674
-117.29127545078853
-182.21447665664994
-141.55314036079852
-105.9799094536192
-195.87979339693857
-148.85346634438454
-203.54291701641188
-117.89206836885516
-108.42451907384046
-110.09355341762182
-109.43312205625715
-59.596086187283404
-76.71142084702214
-115.41308182280484
-100.2208778729078
-114.36361857231182
-297.23122319153345
-102.2387807137934
-177.89959485557478
-76.58293807836166
-118.43919346438352
-80.4301492402492
-81.55550037695461
-78.36529072161368
-67.12359767075606
-55.92243843557533
-40.477262243394534
-67.80497422608454
-64.74851044506988
-77.22612570614898
-56.48157942847604
-75.90845240117318
-75.49574459885858
-153.6806024860485
-120.10383339128822
-61.59398073637863
-60.10312367837114
-17.574288248833284
-60.620003369000536
-81.39303170732491
-74.92811810097578
-80.35768551946728
-70.83687323018115
-156.07661658620134
-48.545833078932255
-55.40904536452886
-62.34053015026336
-37.29237953732928
-10.062474127927018
-69.93425879555542
-75.77758173501357
-100.56074601334004
-81.57735754121781
-82.50848247756404
-1.5237276838259675
-73.32327693704012
-49.64410917261267
-56.485421370712416
-74.81939677196961
5.173475106299733
-69.99047448552189
-59.61702245597324
-50.110415116196094
-67.57465478659694
-77.21439296567839
-116.5388837994605
-24.94500578022378
-58.22991421472474
44.722511364209225
-75.68110603602337
-114.79278384953065
-103.82926848555331
-31.622504941518997
-92.65871629255348
-2.7209873550991404
-46.04062212492244
-39.03772529619843
-92.14430070704877
-432.4498778505325
-44.952665700641475
-256.52625908495384
-47.34055281913051
-56.7716167697959
-49.693499101738034
-6.905634214242298
-116.51636096382967
-20.377891659609944
-123.33122840202773
-41.984061463351594
-28.46347460096551
-60.39849191092803
-0.6435219119429263
-109.41186912081115
-47.10787601745311
-81.82418942460251
-76.95318839349483
-33.678897456371246
-92.26368711248918
-31.565820184482533
-85.65344064792791
-357.40554674500936
-100.13041913189
-203.14011748323998
-246.35776596936535
-92.23791827917752
-42.84334385384617
-50.10653494375195
-44.67409651400999
-40.3755325761093
-53.55262711941898
-61.78649533795022
-24.27235870623302
-46.387710837805955
-7.994182923725447
-95.24390233955502
0.7114807547439312
-229.7261909697652
-115.47212621186335
-59.772935117405225
-253.78180395536728
-46.020797504769284
-85.36225440397776
-3.8891949679735105
27.588596248285825
16.291359543623415
28.031008807417408
-13.90475697527603
-97.91797770366738
-103.71034185431978
-71.48570472523198
-39.83294664400467
-14.514519161606543
-5.393874602387328
-211.03909995441765
-205.10355085125923
-22.774391820093996
-194.42662710820215
-17.92331094541285
-154.90540363001224
-39.48375915011421
-36.15131690805785
-205.26599918286917
33.47247503097432
-17.88220361505276
-79.50945683814865
-60.421826810420725
-51.855562182797584
1.908751406221171
-188.04182525529836
-10.55407042108007
-47.65033535809093
-13.196086771561108
-46.379538970806536
-94.54763613102561
-33.99392593609787
-68.6709778401482
-118.74184425130086
-98.53473501239122
-68.46446362482409
19.48468529698681
-12.625290488691249
-71.86301225536164
-8.748413478290487
-53.109660573298015
-77.03419225081376
-103.2757600761854
-39.82285851296008
-43.790921119614794
-250.75856539147938
-129.3821079558093
-98.25419472267758
-68.9211417195707
-9.341799136591264
12.536071184313641
-171.14402527179962
-72.64495793885425
-186.74336263767947
-178.6429801613039
-99.57327589089819
5.929838823075926
-14.405136811184228
-21.073716639938553
-86.02053889859373
3.7107345320893472
-56.01330606729215
-216.4805914682857
30.637598295215298
-129.58308899462705
-125.84655211340618
-130.96809442617987
-202.00116421164648
18.28407521451308
-1.566181554879151
-67.5693415877904
-47.77514853083099
39.73968269940684
-93.7726782292998
-112.79319877734514
-17.6998345356435
-105.06204521298787
-48.336683365011694
-108.14129954337903
-33.59923683533633
-1.5334697631163436
-170.41667773344292
-91.75506541779096
-148.73323971707947
15.170561769554656
-155.5325269511474
-14.134366877507006
-147.38092809934608
-40.487718174727775
-188.0567013452929
-157.82915997915276
-171.27498872033766
-8.955837644849694
-174.17534196495734
-119.09144598016218
-92.40380358965001
-59.100202605713974
-64.40393033574173
45.204286992143835
23.567628459554612
-106.7128697415861
-105.49962433337447
-46.223453225860695
17.667693244948502
-84.54537248765577
-89.47716470923685
-262.72727973834844
-91.69505031771837
-139.48555906538516
-58.788663409881984
-27.915280296480557
-60.43655296238384
-201.50187745154346
-158.1782386686524
47.15722815342254
-134.62673124359415
-112.66032940590044
-148.78512568212437
-93.98722871510749
-226.56245274840688
-191.1313523827274
-56.29981442065623
-55.33097286971524
-49.12973738331832
-169.44590084323318
-91.59522753927465
-82.45289934011399
-169.02073009203923
-36.53692823276328
-98.05112358948728
-35.058127311557286
-116.52813428702746
22.12212769547115
-176.27469132176412
-162.1137666493176
-219.33315300499277
-83.17986813336744
-81.95409608237136
-114.43275074857523
-38.466800286137136
-142.87769352105866
-51.32782034704641
-45.731647394744996
-245.63941377332503
-79.89831285326775
-105.93689040055402
-132.34465992303197
-106.65624564337878
-104.66867886267188
-160.6856979679063
-124.27292991518733
-88.8787081365761
-34.51371799362275
-65.12488250187833
-46.693256688420554
-118.72957505280569
89.52777603947433
-152.14760518975953
-87.63993778499982
-58.545153635404
7.369579203043335
-28.009025866574223
-181.08723377839613
-81.59968089065426
-149.38773026261498
-159.94627507473842
-103.85750996402089
-177.09536023870407
-69.6245674005419
-134.36173395881258
-97.90579112025755
227.95666938341765
-37.72467703807728
-178.04436312316227
-80.34577304072022
-65.8610601047238
-114.63520065691168
-158.10002389669017
-50.261971781768494
-62.23438092404808
-73.2605357404495
-66.43436410776582
-25.046581408730944
89.40841783972522
-19.86765076487532
21.92373499020456
-225.8774757648721
-80.1076695607016
-53.05166211245923
-90.51473103581993
-19.11348866572939
-103.2863236558413
3.244955500052953
-54.034478704073
-11.994231788195497
-107.50045242714991
-36.59790827688502
-43.28884527002566
-106.06073484943286
-13.291247265661948
-78.17305727415543
-55.68137845905406
66.06666732333241
-29.24051705801293
-74.40320028392495
-47.94727211341585
-78.58305679919948
-10.465208813202864
-33.4131984176813
-1.231758996700132
-62.81462242053878
-72.81618503165977
-51.25348687342125
-32.72906076643852
-66.14387412857764
-117.78766320127578
-98.74079820816854
-78.37032834752924
60.675238633334615
230.57924465276136
22.447506937680487
-70.1548064927329
-56.586180867267416
-175.12414912575505
-75.43825442525363
34.44670985198741
-46.960475989517654
-378.82207171836984
-51.41894729761447
-65.28434627021365
-27.28949620975341
-75.16637899333895
-61.46198201560206
-93.99369761869299
-92.62815151967423
-54.24981334275495
-45.00788832081003
-24.662174542226126
-41.003239949634924
-56.80917396845905
-50.406359710504894
-74.91534890662567
-135.86156422285498
-26.59092017811267
-48.46085972566257
-46.492603438005844
-49.97076457806745
-81.96880979355453
-41.50902500148771
-51.374952601526054
-13.716287057320267
-93.35398155136151
-42.21075332507223
-69.6170967675665
-58.78406944020007
-27.057780036161688
-24.23149262022792
-26.462659294501798
-64.93381014993345
-22.637604611114806
-26.565392083390154
-76.4693529578714
-86.45105321816722
-99.57876902028791
-11.574431590427544
-42.0342182930722
-54.04265210911763
-34.68853820918303
-60.372307649121254
-27.983477920348545
-38.79747351152354
-29.911432482863553
-8.471495759958486
-1.4507646160665217
-57.809371569392844
-41.95989537451136
-36.45974425391138
-57.090008801713545
-20.24057769053643
-74.31147672826994
-40.73457874574127
-45.762087488657926
-28.749609045878156
-27.516358785587933
-51.7513628025978
-11.913716815442099
-93.51650412037841
-48.21868752206323
-71.87718154869873
-28.597220587010845
-94.4305814159608
-24.398654393847856
-73.44559750821534
-46.34172827964927
-61.268785836710975
-64.0266397675827
10.236090598043234
-29.459250012873504
-47.023790321449944
-30.595019965474602
242.35638482630853
-101.76886729942906
-56.8786227545994
-61.775938252007144
-53.396765779976896
-28.994605907634238
36.1173127633017
-198.614374689672
-20.889071336415263
-1.1206770943977407
-31.055085568722088
-38.16021056272272
221.84905305752008
-28.498684708074776
-33.00941392908104
4.381642109602173
-125.831034043845
-49.06236986019538
4.569454775895747
-27.50662874844191
-15.447159753230913
-62.14367948766269
84.09703510967248
112.10475279284745
-81.6178508341346
-47.80601595501232
145.39432555488975
1.8585302631978742
-36.0822951699075
-15.190209018211933
-16.915430057206223
-24.60187537445222
-27.73621392414586
183.84743920141455
255.91112786370977
265.42565086028367
-44.73606195702436
24.91601713304027
148.30643136255043
-55.61960560652959
-26.728193835732807
-49.499939690491175
-51.794518005014694
-28.2074283964643
73.54194194989086
0.7210149806010531
-69.52140789662374
-94.17120867571195
152.82249139284133
-41.968250910030775
-36.40806724958153
220.96421619203585
203.1975275888031
154.8896460815261
147.9826495967024
-64.16281085591649
18.279603583241677
-255.7501906901509
208.7602495459779
-40.3510479217529
-25.519435406909164
146.57555897314364
-5.46952998594715
213.4264780840484
255.1517143044308
-12.572016989069489
50.78781172986493
161.78803174838436
192.01644325646333
-67.54145113800193
-57.14491378580759
205.53190434561694
-59.73787065583901
157.432004379573
-40.338751146059
178.7812822113523
157.52791984229913
237.25212081743862
240.09154930627852
48.44245036464298
216.37469102624027
136.37329896667444
-80.30753587254041
48.36741630485654
28.529568181401636
186.81199882077144
-239.66764352225582
-154.3745894419658
217.81074553356513
-67.56293964613307
170.68803484820916
-1.817203116763224
250.67975193648942
-1.6005423455863192
-71.42466726896954
246.61148960497172
60.33978393807223
25.837975599439087
200.29666654117463
158.35860092468312
38.04793920338868
162.9805779207053
145.25615852506178
182.56843372940685
211.89388055527706
160.44337814269696
211.9005070025018
212.86112820919658
63.27925425654291
-40.38842104264994
199.36000072420495
221.06814112854426
175.6501812900438
164.21434076256082
181.2131331653172
-75.88799569190981
246.14580375424575
211.98232115940425
-1.957005056567314
238.27002270151553
199.83003619479774
43.348508533909424
206.2084302947161
-65.87463722362173
129.62137026110898
177.7434699774441
113.5469369711493
224.49559958901483
192.78333906545515
183.34929977374978
171.8240891581852
162.63078266503405
225.2514052145989
212.58776418178047
203.556081648154
206.49098951989737
206.732376236417
157.25184981156417
166.37926207596723
212.5735453844673
137.10305820514264
187.97119387700485
185.60795410723648
-60.51869722672734
-128.53924850179843
250.251674150007
254.9201808038391
184.4683463626333
-43.04584402153222
-25.294903216351415
-48.13950426324452
-52.46531873436323
216.86670386690113
216.93475313738858
256.55893203627295
214.95360720288545
263.52614352764226
157.01933938422343
-1.891398329452258
161.04090402256188
62.0824058372981
302.1122545802018
137.66558324579418
181.95132791505637
-70.46700216966542
-65.38682664212725
93.19418735427318
72.48808089160292
236.88513907930556
194.82213980166082
191.09344131313813
170.958979098449
233.45785678566585
209.12656040216092
-50.29042772838538
267.3936794110392
190.4407742625698
182.67834896657814
148.39363914756382
218.2287873051252
261.21130329871187
7.836626382395636
200.9683823427905
230.8562418365634
189.49433231844836
178.02173865279627
160.0030853096159
218.30192569289238
259.7336556110355
245.51590764517806
-33.00842799203256
224.4527065257193
237.61818048643755
198.71068467368576
139.31027554242186
198.23129763984053
180.1339432745779
230.05126009854044
177.90668316540837
-0.4215825782426419
183.86661618018027
161.53728251672112
190.01905037158247
-50.29136794522077
191.3115373024428
190.0136776903588
227.3563870527582
215.9209496448739
-19.70877294385648
90.69708047387714
233.0044731924192
-152.8173089901473
201.34834607278032
223.96282577317277
-66.89454701445054
137.40807911220566
145.0001224033882
-1.8086654201706793
216.55347398656363
307.1316000730536
191.227447494764
203.07195441825672
167.19019954468334
62.09139571253863
166.82680866299341
-139.241038398478
62.338735524062685
-83.8042124420997
202.79975070824315
206.44375288985395
201.76220821591312
163.84192056762
192.10552476878573
81.56883689508362
238.14448709620575
222.5322163122874
249.13428049887654
-67.47371936982609
192.06079555608108
213.33307934360016
0.2698261407609408
246.74376513434163
256.60421582301257
278.11621846160915
283.6774552858759
180.4994824183854
23.31241547891574
292.1915847618617
4.493288377569878
236.3662130460106
242.3391655728756
245.10743399205677
-24.410282209977442
303.1906750868532
139.6916458050851
-20.32714135886821
217.31362318246283
212.6591499123942
-19.282417358142858
87.39365083903897
164.96966478445086
227.93345921820531
242.71968961383658
233.5026381365687
207.66232984983822
228.95624432151862
225.51590795760836
230.85035540531106
246.44002192481864
217.10309966160253
210.68601008459757
279.2635962295354
235.55558929748167
-51.68756569249939
248.3897469676634
250.69349519462406
282.2201364183968
226.16350785907102
118.38283090152483
248.21788063029615
239.55332905265803
220.53298398755777
29.165817288241044
237.93509760049938
-12.504521277861956
212.74035722026906
121.21477432063465
295.5752887439502
-169.13425105251187
182.78430518768866
288.73090549346125
239.8026097074502
149.0835338032056
278.8931213120306
196.56557182492602
225.93351643916674
-50.427827781776784
-123.19197081185524
245.59153056770577
280.2285491102523
244.18998782479582
256.712724899399
-68.3151490553083
-78.10879860767625
262.58323961208936
-16.561723522556605
202.36351743074084
5.830094872116277
220.67617470874734
276.52557770656944
221.45759365012796
203.75099767979552
209.32249768745075
51.73300313026327
171.2398606602242
250.56684761765703
216.7977811391986
259.93418010942344
236.42408852788574
192.26685972301695
203.93630240932322
-206.25592301713505
239.23912376394085
296.4725356918129
-8.260788191449564
223.42282803231478
-159.53082579891318
8.507581851780486
243.84032671774492
198.97405298600205
235.57167300792153
282.9061195334574
-87.27838494618497
272.7696905910526
213.07967538582147
155.00221003010475
228.90632882207905
249.62810219067643
256.0229774382015
240.2852181212453
20.279805505987156
228.98489037063047
222.9241928170563
265.99887452117207
198.97552118002187
-41.83651419115482
220.06769290733124
237.93360100830094
195.96496395731023
-51.8548133122801
201.68972478572147
-263.69260811702804
246.63202457423995
258.25791122278423
228.64785208512876
289.3430166406781
-20.789545115744104
277.15243285669453
10.992242722098055
218.43212330465047
215.67293861017356
9.479965049028536
246.7905823517737
260.29772162998097
261.0674334184707
174.98942543401603
207.06034219831804
170.45529516550425
-6.673102595465863
253.6496757550257
186.0058753523914
234.28917427952817
166.47962122974394
188.70393212884647
252.1198708368319
278.83508045013355
233.62233390173643
226.66702427347278
-122.11066055766946
10.191170034817375
247.261633920583
250.2558398460712
242.48746429708453
58.35675234441007
256.7990031608525
280.5598914577073
233.39928810116572
266.35166544957383
-33.70172854757176
284.21379831964134
30.19911456317334
253.85632005639866
279.41193997161827
218.66604180181866
251.24885264669956
206.76690019038512
253.80903467525755
269.4729874192231
243.28057264139835
41.07036077191839
255.66296490137958
264.8484064162865
242.41374788604296
252.7654191261173
180.8334446932093
287.0266571423828
242.41058183679098
276.5039416501953
292.50564368316145
272.083897995275
251.4690347454828
246.49954730211618
-215.36541881585282
256.5313461799335
237.17980550371686
262.6119683064365
-250.12741832054087
230.1695637863352
235.92752980792272
212.8798624863855
286.0175473093085
259.2242323256051
248.9481025798811
189.7185454905873
147.23275382534874
232.8371307616825
211.4463726444927
270.27044222985745
221.97279307067748
229.59969785064058
248.23878880505436
171.39863625909612
276.97755661255377
202.53458350886928
301.08039836481214
266.5611999419963
111.44074980847508
239.71737025507878
251.8429616642939
-297.7707719892452
242.2299813246697
245.10090119199302
250.9180734354411
180.58509359780598
278.1044155609036
228.49189713054233
-174.99180525676923
176.96546785460956
277.01358671652565
237.05781512380528
184.76334248831586
-100.69451170920615
249.23619842832517
-23.16145946370419
236.30080363492402
204.4263116520411
264.7394895001882
-74.15576101057826
269.8973612991414
241.30401941277657
227.13271049900223
221.1003848543609
241.6219221112214
251.42442345325478
203.62109218115552
215.09168601872813
258.846521418428
253.36280271731434
166.59287996140063
264.22657593262045
54.147055158032515
276.84229211335463
288.49356044565184
276.1228216624325
241.07778047941974
114.40616029956406
-33.842534111805236
271.3370043352845
252.9998617528026
33.65859930172158
258.53054919971976
267.47171665232213
292.52879287407166
-161.38135426757805
-168.96791195486884
144.22709569592524
235.50935774681614
-219.65906939681636
274.08632224100745
264.22221014066184
281.7681905792978
2.0175991716110815
4.2560997199288835
278.9700428578998
267.0385145650502
-73.00551350272706
236.01347800985772
239.9296956513924
242.30449578679523
258.6996447020207
249.22906460789807
231.12249506399706
196.97085473947823
269.2719934030904
228.7963050280195
265.8943151907729
242.04182779786044
181.83494241214123
251.36788782691187
311.0841322856377
230.14550333866805
-410.118930152222
243.58945101823278
-50.22410801055597
227.48905110536546
236.45599775448238
276.6354660848827
-27.134598221375228
197.8342584679403
274.0083066384075
-138.06816281229533
273.2920905183541
-158.26537233663856
272.10558991998437
218.79824332268777
211.84956470070142
259.4063448397875
282.6901520525191
278.92155133530855
192.90585902133893
-186.77620025212127
275.8603233768175
272.8937709644604
277.7465531753576
267.2004477712046
-28.384753003845802
245.6975511247908
281.48756801692684
279.3922282541651
287.8198474931846
