-356.33869396326133
-140.50250755051218
-154.65837308231139
-157.38561599766672
-61.946413102164
-1.0882543197117798
-105.59688013041044
-184.18322710229762
-154.23994886567806
-14.376275475793392
-314.1717297540189
-90.92536658292022
-176.38284449717912
-309.1811606309352
-120.02830806440477
-92.26985375222856
-133.84773176714575
-99.30587645608679
-105.05371948959328
-84.88492679322714
-131.34385462931107
-448.0302579677064
-76.9275788570272
-75.8664542879642
-71.34161232375108
-56.63454810697755
-73.37290489587932
-115.72054353556726
-121.90727744530018
-103.58943843863865
-31.976828651376167
-112.63354681682597
-68.19456325212508
-102.89324887411128
-237.1972566505738
-8.919974554471978
-76.55202182277853
-176.37872324154262
-107.07841473247333
-68.52747054734509
-67.06311139491555
-124.26331727907824
-147.54964222640623
-125.60836021668169
-126.48089372419429
-78.34981662383598
-89.26521366245088
-105.83456081077803
-113.47016680816574
-80.36818465993086
-52.20394199690216
-86.12294300757713
-9.661842506901436
-115.81595022848418
1.0736149349596786
-71.04354324325413
-107.01686902681404
-91.26803576968426
-89.14195578351341
-101.54452768287264
-28.51275315625314
-71.12181903990921
-6.031238159602182
-68.19096180509891
-39.23778736068074
-138.88987789810847
-366.82508822087345
-39.66748646371158
-91.97222133229437
-44.79167271255287
-41.075733242729925
-116.60572811581598
-27.802476866921126
-44.02760112690592
-135.9607105143235
-129.6346381577897
-64.68426634732637
-34.30267245074148
-102.51894737106177
-145.72492683497097
-284.1148037488415
-144.30085005882927
-39.74709379062607
-67.24998985270325
-73.5120034705972
-71.60638288095792
-125.09315649144236
-13.353359689172336
-103.9273581597527
-49.54531779633464
-82.44778092030285
-76.54076362762535
-35.25339186241037
-70.5265426906572
-30.70649877959451
-209.46113761549387
-147.7047442609339
-61.96145815732266
-118.96301722646807
-31.533426595941393
-90.2254538333457
6.592449413554505
-50.58829164843624
-42.025241871497784
-32.551339882895405
-15.754153544294482
-57.16304246072863
-25.54006675340534
-128.43400214203683
-143.202172887844
-271.3653466189992
-121.79632813704376
-41.710856485435244
-18.12318314582133
4.94223682526642
-73.26924588447946
-215.48816972457445
-41.38131875250295
-1.9674631112514618
-9.351013804702774
-32.8567297232414
-4.22997624360319
-15.727861492058466
-49.09681441476235
-233.48113654514643
-188.7104196542606
1.4138580897736688
-12.448675189526227
-52.9191975825027
-106.20033299758842
22.4287151834765
-42.31231081999947
-28.922234052254936
-104.50529835531029
-136.91605065891196
-133.16685994226776
-23.039924258264136
-64.34365977189621
-57.67981329933032
-3.538392695316034
-52.172134508874734
-1.826267409394859
-5.739513160520005
-2.898844278879011
-39.74156485278761
-33.645985174484835
-304.0103016728238
-110.44788417970955
-2.104970833123545
18.405072087465058
-172.72016600687482
-23.22697297565331
-136.44228282448498
-249.29347727048972
13.562393051464099
7.614823915098668
-65.50193339529548
-19.158814309502006
-51.880979927502935
43.647710357767835
-20.50210353934108
-70.12954880121814
-253.80609052114124
-114.6765539460048
-91.82866873219712
-52.55881771062059
-3.130759988695118
42.3428646133444
-52.70032667694478
-42.35064767436424
-54.18695762247134
-49.39021553737215
-53.45250363821398
-17.627000765799835
-62.282832815658445
-51.254602825058996
28.739505273725143
-29.359296240219024
-78.99049374561304
17.409669622886867
21.165640346460535
-236.32683307932462
-77.8168230181846
-33.696051937419924
-59.730287562280836
-28.26957812380799
-38.1208053988979
-6.813325783632662
20.332722586948634
-200.00994406300293
-25.941355826291364
-36.19394215095042
-106.35109722046656
-58.844004547646804
31.740514791037896
-248.23779641229095
68.92444678222543
-276.21751582997524
115.15991268432336
-215.84816866267826
-199.24711434201214
-245.31789569543852
11.959096274528704
-1.9731109891993555
105.624075696576
57.752148176639395
11.774750685290238
28.622474828899755
16.401764755424843
-158.9748727783901
-19.779193040185163
-622.0999675762016
-611.0413054601613
-280.6050615482288
-334.4286401179376
-216.02214891778343
-10.95197202359111
14.585343881335469
-17.27448497943675
3.8514828109769077
43.545664648528344
49.96248371803083
37.82874079285108
46.17936128775062
-251.32437626363728
74.1983543515358
47.763223277776206
-76.28000747939737
-327.4710945206775
-55.405776088807
75.76552451027091
67.5477922729819
-156.16627981582042
-181.68902638688056
-103.76040695770762
-13.93315812131878
74.12567775595194
76.73365590489442
61.00502918987281
-138.37761568477453
37.80537202464143
-106.57113036359418
48.59465611252779
-104.11220407617421
268.28360739545116
5.879892058832539
-275.32156881741014
-11.524964133387272
194.76500751278496
126.02368957505149
-43.587328571108046
22.48413632925552
-185.98729993337008
37.64197429206783
19.439530417951076
43.120709385606126
131.23348293038063
96.994669181271
-320.1536058776302
-34.05217254745193
-224.30421090045354
14.8419684406594
126.90588710003702
119.30706997162858
137.03084172580682
30.731611197651674
-225.0241276390728
22.32634336405728
136.86935035172647
-150.05729931115593
86.87591717604586
37.802110384562255
174.0554478062428
154.2350191172202
10.007776403391873
-195.13995337231637
130.88242001209483
83.75608873953472
82.68069592957556
112.16794166280431
-20.082387092970592
104.16747143714325
92.39750102395134
88.48290082802146
-73.18566403500424
-131.93966233164505
-226.32381462807655
155.6176739273797
104.05886804873025
125.9672006647492
58.41747704033346
224.39147412532958
162.46392896220283
195.94694346818642
100.61388034048196
95.79508620284469
98.63421380426199
141.11601346669752
134.58751885127083
123.03608749037002
2.3992679786260327
-102.74769967561475
268.1007208728454
228.62131847997102
23.982901526494253
132.27962646525916
244.93446698823948
83.62306609630666
243.34086230391856
31.209889743264945
-204.34043966977998
42.84218093250766
25.684286093643067
143.70171757191633
143.6956076140193
149.30662250619568
197.92955715068354
72.95686131356743
124.96846791237607
155.7704485796163
109.52583735384924
98.73907168205938
171.3118627965721
248.43891976040027
-8.510865263678866
258.9596282906434
245.55747063465404
125.22910557688498
19.108378614395313
214.74917022237543
146.9520210226209
104.28883123913135
63.31688194809968
204.85436258158677
0.6922176205889059
-219.4599069982719
164.85476900802746
-67.65334813077604
286.3078385215873
180.20188520795858
18.6618311241524
22.701872401082568
215.8996714225894
127.32533447090286
238.58958503212463
105.57019911236524
56.054715611944715
240.5274033600263
-51.71567563810024
158.99005439239662
251.54003597781568
142.25079327816098
124.95999940514908
30.960972490828254
242.80481382156958
274.79298579044206
-16.213260441815635
-63.78496459392706
281.8650623809526
4.669493955352593
203.8928689017858
80.46236053172333
168.12876560607634
157.06663443649384
239.61064287453303
-41.95614214747074
261.5867921745761
-1.1228357975983272
137.75132359385853
-25.787770496130108
259.09831973765955
112.97522161371788
186.95377908571032
221.4667817049023
245.20008263890708
246.91837589288608
246.70646650072354
160.43829133151786
250.5224970548636
188.38060651110817
151.40825814424488
128.88825719107035
238.90339843835795
-2.1228344926376224
216.02614219277058
295.69199350228075
178.80231314052423
265.0859170840794
151.41795724519673
58.93197283924991
298.0033249855304
259.93289127917285
270.09466314985195
292.9963801379869
48.95090237752413
172.2863301152541
294.06724964002615
-70.23754427558893
236.1633266118501
113.73529204204216
111.06908068756715
259.06432723258
178.80627904270932
246.55276030723218
204.41604406018013
224.0287013055629
187.68921587346773
-73.17433209230391
234.17441290589926
236.94665988407
-136.8443371457211
271.9889401963577
-181.5240941716761
280.4763552146528
236.8240159841181
244.41448597241634
301.29075376590197
280.62447959843485
-132.40984014656203
231.60343902182234
-82.47433033854564
224.1920794039717
253.83256063092207
226.48399819425342
237.84082097612122
245.47351354123194
160.04336331699312
7.580787434569771
292.7080402705154
-5.831917461773557
242.2783823904753
259.9512465995573
245.31745379235778
-3.2272907717816537
251.1889130922698
288.1220455079342
-217.81655976119947
320.4588097616335
-39.41998928388593
-53.88619738870693
263.56935071662247
163.5370555646865
244.93000214237134
186.1941937143677
-34.38652587554398
282.48619951747605
98.88109753948396
286.50585217361856
184.34762897347548
259.1939358757176
-77.73122646322366
222.26337123264705
236.10299048335222
127.06729154935238
203.78644672665953
206.68307706162605
233.5457843151993
301.9495328697071
38.8303221289662
223.20456040228854
281.4575750715262
-60.84452649487811
280.0920360761726
243.85398838998628
282.5295553033331
46.47956210331887
-50.29558039874966
257.83084694426964
-15.345690293659374
49.010911661751976
293.5347134358876
-101.3107992224231
266.4561558041951
240.41540304777135
-8.999428342711724
-184.91139701617118
195.10913646976067
225.479263543011
10.91888209797851
201.05607402056785
-140.2790587670291
-27.22129027395391
-229.09169772725244
-272.80581535440405
-278.30630348389366
4.591807726245875
-160.93733396667113
-189.64789271412383
-200.314752764314
-298.3484040420931
-29.233809986454744
-158.77463575584
266.71447366600796
-232.29518947301136
263.8755315202727
-12.12702405232082
230.10248676510062
281.82517973589916
242.1610114854659
278.05391751188205
263.62511256601744
238.4441931540044
266.11034633103736
270.17395698597267
264.99271082625114
186.13807643242404
159.79344147254193
-296.8337074326216
-66.34569398415343
268.39556679184614
217.217254017522
269.58184281334854
235.19688540859298
298.2668237323729
-297.05856814231504
-41.286285830136265
0.7655448477797364
262.4601015066513
-237.90809881781536
200.59390734199263
-38.141390553568286
20.154554750271828
256.9428934273752
256.8781898145621
169.16414681267344
-78.50534863892423
254.79856833533583
256.953318753497
232.69362869328987
-218.57133892400827
212.13416586880635
261.1728838114884
-108.00859294249116
227.64571085921202
248.01878869477923
271.49075796421437
250.5986402793949
-47.90865251672845
245.8623794710723
237.55754183809864
162.72674434178674
128.44674150036215
-1.1039599436891194
287.95077779724966
258.03430163166007
245.28800316595635
240.7292570177184
239.59172275165463
257.62515693723697
277.2390330873159
39.152580599071655
-3.2488342577013896
1.685254136052606
152.0022411415075
261.34042417107764
192.5962718777689
261.5586097395145
199.49865363222298
230.93463069766472
230.8467108558422
234.42830714882345
166.57268100210393
-36.21910360716463
180.45210805563954
257.6293302591011
263.07404182336774
-227.78231297639692
287.1017064930457
252.1282532174239
220.6574445881689
214.99389905000237
253.16504573522963
271.43294422825556
8.909187567487749
264.67574981818655
-32.58336132215524
202.9144027439657
280.665864111895
-162.62729953514264
222.48717706315853
207.14485897079305
250.7081905083184
-1.0696627258190148
-310.017983325154
253.38653740749922
184.26760219845863
205.03675019014923
240.68292208962873
253.52449952576666
266.1910026422576
217.43706758705525
268.8844178835931
177.58993242594846
217.37522058044684
220.33145178765696
262.5455153470272
237.10126806937885
249.50487525578674
310.1036267180851
246.2795282684019
294.3720704660833
287.07824484301705
189.0358653276241
261.90329263331785
274.09770293984076
252.01468447166013
223.76632872225218
240.7200623636198
271.67546795324375
193.72688056270198
247.6862170397296
242.23205824930022
217.44394450411352
20.08789066219508
263.9990658241203
238.34492925429902
242.19247798614123
271.3306832973875
-78.05346692343988
243.38310924527886
-329.48714719208067
231.20988790671004
3.134115095278389
236.5385270244852
252.63777584732213
234.18028259563326
269.9884230995353
210.82642053614916
-23.64557273652005
227.00200711826366
-32.47488197751659
-21.395684686788417
-144.42536631073023
207.49741040086718
242.04429775760738
-12.74458262850716
254.4519539195738
285.6950750149724
-98.21641446715606
-222.99005816809364
262.0085035505281
266.9749296214984
276.5935665357848
302.22905380570955
279.1927040760781
82.50723951089935
222.46062854629687
-85.11753023423461
127.3443227938447
241.11665232727756
256.8523064884266
-0.5452951047441275
23.310931762498214
239.96730680379008
266.9254168477057
237.66019100920195
309.26766482995185
205.49251251347144
221.511968569445
253.56784555817498
277.05679600286743
198.92012817420857
250.84244129031188
295.78682029001607
277.1946845521483
268.2869665044607
56.99470556214675
268.53465377095335
268.8446904813829
130.23095051250505
307.0561115864069
260.9675160443466
265.92675990042994
271.8618008356277
52.92817136925035
238.33834740051645
230.110606723197
256.641584806581
26.487885351211375
274.3524751441847
259.63618021759413
302.54918154332813
286.31337574847703
247.92687373441146
268.20557009095353
252.53519487777834
218.2998503419958
105.03470302469873
7.986549732021572
239.19316236760295
245.80882639574008
239.3882816189322
275.15229368718144
241.74370714208683
-13.067367033006676
239.6624954001133
263.2463580441769
29.577398604601484
91.73778095440403
-190.2100080712517
31.088214065169694
184.06870517876905
260.94948844624037
-81.50975664389183
25.574276895507495
293.9564453905001
244.93191286488738
60.42347102686648
266.8235091863027
267.62311598978783
275.646434030901
251.77515016555938
268.466759506107
6.273264724222585
303.96023728278954
263.272721676484
264.5280922181473
261.75757933695706
42.221770240984455
313.8055500889228
274.9276069091518
260.85900369055577
-135.60252691659065
269.0321074278497
269.0855588725321
271.6693861228366
290.5044692006248
39.497951607553375
256.21812487396744
256.193228792303
-132.6509427217166
289.22317753049924
-122.39348479912168
227.13378697508472
281.0493593826261
272.9726586240076
226.61584324334058
27.38131067234943
33.449249502359606
24.60972430585268
260.44384995378016
279.78053316341914
295.2131390049264
0.1668578062665631
278.20251845566327
258.17212406117216
278.4946522525111
255.2108575671353
-16.06809391154485
243.00749427509606
206.9415047923145
300.0033874291215
257.88035207476844
234.5529728320348
255.4665740814261
301.1806612611085
-126.05954560963318
268.89067980361426
284.22496140780993
218.93713859950856
273.2546086015295
-28.833496335096953
232.09641053784495
259.0833318645556
291.4042435452085
261.9883466199133
258.6595867530185
284.6753680133681
52.89716110142572
16.775930572603997
289.55321457015333
278.5094889706105
239.39056174877956
262.1784840461254
272.229767514811
294.73838332205565
260.5004713088646
291.99457670635843
237.3316604404825
305.54683339845917
203.39149627612017
109.05366766706221
254.22232017701091
267.85508499249875
285.36270036477504
-102.26217926491573
135.75171523571117
263.5468342437721
300.51454958996527
287.52529790131234
293.2466596709603
211.1978554657424
303.17775988019696
258.40705370568537
15.074714493222075
-228.1210407930771
275.3057972894951
196.27013047974674
256.60609655122516
318.3109086685536
261.92813617791205
297.5691301529746
236.73476777349703
268.14618048739976
29.776894663090303
264.5487666784087
296.89133491094066
270.26148757784796
241.39772683033596
23.278651139272853
236.1630024257346
291.596652644694
260.3933935344441
279.6258312343157
245.98397470682903
294.92727691076533
295.4510694478874
241.23936769647557
-15.290493519754236
262.6690521564705
300.1083124700012
290.00220239133563
-18.52623337668537
0.12428861966753857
237.89860894490252
283.8449517906425
291.41480958773747
274.3516198707165
241.73283061764297
221.0236639484156
223.00416179613137
252.14457585712032
-101.58940786504903
300.60279429574473
303.65623416914775
226.34172417315878
277.93010130500494
255.37788960431945
40.094116467837836
9.906842793162156
16.967807834871138
242.16806795089295
-205.12983764056534
-24.89488088909644
24.313582815015806
-4.825654152527008
18.079541284864504
-72.13733488898832
-14.560556905667042
278.8130067066442
-159.42230233338415
245.0747431225557
217.7995527976534
-232.32886348711003
254.9679885517775
221.16305710747585
254.36425511176844
256.79603329892154
297.75293590234884
297.55433819167695
274.4831497764346
280.80534088202467
298.3820431136121
271.30668627393163
235.75355532835175
280.9010370030054
269.78309788740137
274.53710264616063
263.7616739051803
236.05627300265485
198.1625052915652
245.7089190290684
283.42337541904305
-185.04896976494535
270.0407769432047
263.02033873423693
241.23071727004486
255.23941833048832
217.09347130097842
291.4111177678177
268.0872073080043
242.1121893529791
289.1625870954115
264.44669545896073
288.597397196707
244.08247942279087
221.07156739340365
219.6508159288643
271.02467355447106
249.39725340380173
160.02426774375039
235.17793733942432
-170.03155458672433
287.2987433858443
238.12572321237363
258.4626196450231
260.3260890103792
-206.0602130442863
188.26520770090985
274.719231083425
-37.41770863089384
-61.567726172686775
-153.4412225242981
113.07986372163046
244.98148771261557
258.69801275380314
257.89132819911526
240.85064021090193
228.18340001390195
245.6872042622361
228.74148463211964
235.69135827182754
266.09640381172517
231.56718709746832
257.2266828849199
-239.57948850359958
242.28441729860853
263.44075493617964
263.2720316154683
267.019777753779
-128.39034834049306
-169.25999425817434
266.91913566113004
-39.63735772842831
303.59795651467294
259.2518026928674
238.18070025913846
-142.34553867003086
249.99805897599217
-218.88518291469867
268.22294497050655
264.7272362435285
276.05344095024145
152.38069134830337
-22.758562148737056
260.38307032127284
298.69741609740333
-134.9511946761803
254.2439888786898
284.3181624115848
14.8609325302631
260.38570851221255
278.9960394016548
258.71259813568213
221.9829840221891
250.01602915690665
289.23177739083985
243.8581124302176
265.0718821021053
260.22073565271097
253.25704106809593
267.5448242674322
253.09256931869606
240.49652267455917
217.194111234154
248.64384396551978
249.20458846464632
254.20804408368326
253.54547748622525
251.12317304652984
246.97782614372937
248.818178215524
271.21168759194484
281.2750727069795
-18.67068292027747
-79.81705476092156
264.01185841125255
265.3366792051909
-367.34620718348316
260.1407395038815
237.0087639237246
-298.5444376772018
261.5474089764544
199.3920322635655
249.20411010606128
276.4568573881064
245.5596146225479
-63.527420401688815
189.57552960362304
256.1064449480127
286.7498834664058
298.61246858379894
292.0003267907578
142.61567566181296
294.36312065125054
193.13886450374656
3.7989282074402837
274.9856666381378
244.88691337107218
287.74880328361337
293.53115405181774
249.0752460417327
240.094064101575
276.40100825357797
238.83910164606016
-25.134520103984997
255.85871760511463
250.02878595018632
286.82748184068566
256.1639839532845
