-251.50340781627372
-105.31740655711853
-363.41346474674225
-282.4969700040667
-330.3510572105316
-159.18338863974017
-190.62866191999888
-143.10076526126406
-333.528223563436
-155.8520116684814
-290.40907639268147
-98.8552334812927
-165.45199462551085
-153.43799452511618
-421.75192783245245
-253.41280423574256
-91.37052931958515
-84.88063170342764
-276.8558330842003
-44.87722139875844
-307.92644832526025
-220.55703989334097
-294.8339722281153
-224.3698406452255
-21.582221782177243
-117.99246311792223
-346.64941301562385
-595.4276605191718
-182.22286786174564
-213.9259509660806
-103.26369907655958
-61.36579094649429
-361.2009526974335
-339.001772273166
-299.87550694608535
-238.4112916083068
-84.48452898038282
-361.22662410105454
-324.1376466835652
-104.8187939648043
-108.74689207520902
-216.43159196177828
-77.3088458575867
-306.79780908310306
-146.1741472389374
-358.9114112643942
-125.97683147643029
-60.266346855757476
-138.64431242540525
-99.42109686851666
-264.91959395026294
-93.04809114063704
-113.338545808885
-104.58107730604735
-106.41858229036046
-118.85176282354334
-114.62271130253546
-41.961306940193595
-45.697949195021835
-268.299067341797
-102.36600702091968
-60.9581102760104
-102.58991086245368
-66.28125148705718
-265.9522542166695
-258.0646722920776
-306.2576145803418
-154.59945688737923
-11.48872064397871
-271.9585040294022
-194.44896423190895
-189.35036352039396
-96.62883141717808
-87.46711483823685
-63.794009773605524
-144.6404148766455
-29.82423176916069
-54.17842819498952
-112.61164216806195
-89.11525326216628
-161.46264950642586
-84.28560395606289
-373.83671549797583
-114.55478694860727
-205.55081237411576
-179.94463833566016
-64.26389512618937
-107.45770089786885
-45.77745013111712
-145.49369856986408
-125.07321387458049
-289.97735615151714
-320.37710971750624
-31.104830595074574
-108.61075262838494
-138.93284220563518
-167.2062363497159
-99.23744242542824
-211.9297222329482
-75.79347777428379
-44.56342475574891
-133.72828947867976
27.558308490181815
-75.76086517437238
-70.94639024390747
-249.39184293620906
19.293713461005822
-59.869821175296224
-130.35216161135332
-262.0906470573526
-65.69354572936481
3.7146481513000964
-203.8107455197644
-205.55553337343662
-272.0020731540966
-291.2249542771723
-122.87930560192495
-187.45929910750755
-107.23462052273814
-77.64634107046624
-46.067919191080385
-214.82657776573353
-74.33585143412215
-186.26687247248765
-126.33490127285133
-55.356215483183256
-53.567062305151026
29.99385183746506
-20.251623416774024
-67.71961937835385
-3.613215765917488
-38.170364896618466
-3.220794759024159
-217.3136817692765
-212.79465384831886
-164.592950627022
-118.48761223815328
-147.22682314511252
-70.04365518812793
-117.55952176903061
-95.00871399119866
-119.96733132848073
-281.8329569678122
-175.90550808314975
-48.4601973740544
-75.18774349256395
4.261817406869724
-190.19567202409843
-97.77399271794857
-57.015239604629045
-28.97622858892474
-70.8365769031415
-78.66379462093008
-29.862490320761566
-158.98651131996698
-192.65853302463867
-98.80152112472277
-99.14411208809227
-3.000215337776794
-93.06624568753884
-211.78446472423803
-17.57795661722264
-242.8370055717562
-76.80907054763642
-293.23874448908737
-64.21258057882918
-123.80706749290027
-173.14169600798914
-41.10595192194525
-24.81561535672992
-173.68398233907834
-67.41564630603754
-193.9021003656641
-155.0095238398572
0.9548614788780725
-21.635965753256613
-118.58805879167858
-272.2116310421004
-101.73517235663633
-152.71676676062592
-93.91068047444784
-172.7835175108404
29.847354871418474
-33.979973777478115
17.94075483071356
-95.91438871820071
-115.83793926795619
-224.16343981056562
-157.51738069123886
7.806047842707457
-49.26284967444249
-101.35838684386225
-86.09829160571778
-12.650930662021077
-195.4274141541634
-8.889958935469949
-78.93270239476844
-139.35377272600297
-85.2419578326421
-255.4493360511784
-94.38158056684136
-218.5676959770222
-61.91718795486237
-158.98415366158912
-71.78447331321769
-226.02882186440024
-89.32437782142493
-138.04251942435462
-20.903607218823325
-85.01335290240422
-111.9417078281484
-76.57448823829615
-143.60974225261523
-89.38049347960894
-243.5974373277534
-39.0630978952849
-2.358302915352927
-134.44552284431524
-36.0544548327949
-14.864504037122643
-97.51119442287326
-51.03515957875574
-35.20240757485429
51.84017066953249
-62.09338167950367
-62.07734534624351
8.468517687734893
-31.694808670143928
-47.6503961286505
-193.03133527042985
62.846600939294895
-77.57169728428133
-108.75984777271194
-224.65999533034088
-234.00180126778034
16.57239075546211
-31.684625161443407
-57.79134695907646
-111.7986339080431
4.168483898452622
85.62993875830826
-291.9618490019194
-146.0107628026416
-15.560625996976004
8.142308362867285
-87.97077137893909
2.70147481952408
-69.11886548739322
-179.27185129138365
-158.5263815654872
49.60405997146606
-395.0170279840516
-261.2446013998007
-40.409631607330695
-221.35785653920334
4.478231524787001
-28.601108720396354
-81.45405910328404
17.825115711189074
-25.297525768264308
-13.43899400640692
-202.95144734655264
-18.915904038021786
-240.0688108512402
135.14484787524864
90.28755936079638
-79.97483693074383
-108.92767904386506
-26.96317403926928
2.0975743716529403
67.75870812000447
-197.9358033203614
29.611261671035727
102.39763810054501
-219.0790049341292
47.79097089107931
-220.2899576074269
-31.23672219170595
-71.52392095255466
37.7002407133413
-53.588132108170804
49.074988348251686
-116.2938177255478
72.65100705358063
106.21759318725908
130.9660763696417
147.93017676782165
13.91734080424861
89.60721047600839
-297.48503957529437
-1.161311661143941
113.71602081437625
176.41169834714356
223.857039052635
47.85622452979778
61.172445546105436
89.33095395431876
-49.99003510530686
-209.1821549638205
89.26201848379512
-21.34339112304385
111.26188332190836
-10.730267591017398
39.108423561148726
28.664262998851484
11.417759305263498
-35.16373943984382
11.346406915906522
173.76077016806482
-71.29071175846796
5.6831018002529845
-166.50612222983477
-184.78058517349038
116.5345594190392
71.25417552992484
72.53187342031728
-22.643389970011313
-233.95279393235472
121.32318054747482
140.3073945443899
-160.0705843746147
-40.50072758682197
227.53036244516124
122.08337153597661
113.29107117073067
20.025987046607295
251.2608389912438
74.17638898872995
66.89153658994846
221.40123601011604
83.82660118605705
23.516304433885015
-105.9227431146052
-19.404131855870176
56.347266567180476
120.05483404140509
20.040699650587467
86.55148610098743
131.63968760633563
141.4165537626775
93.8510488255259
-56.97230999462286
110.93681225782134
-53.745334268423235
-83.77566159608713
112.41207751670191
61.3802339899771
143.56749188049594
66.1618551737067
-48.997902020673806
117.43447055324886
162.4851162731094
54.37088751665102
-211.8502369415918
-41.4171711516335
120.40927269739902
40.57539815416945
115.98373670870484
228.95231588208148
-225.33811331116732
168.66273479243733
136.16453580512385
-195.61011960736835
137.02081746825178
17.537424254629727
-15.755211505378625
153.36299965744263
-55.16716324405583
92.78872911301646
273.2565208526765
105.18999888994654
-217.53678209373734
223.97954682401925
-20.43958418683377
102.88536332003127
123.34755006603149
166.4770674900341
284.0289344029569
149.60970687983004
-23.54049351066361
116.42434840406492
-16.82092817775034
85.72425204791766
130.29962636981074
3.346394868954661
98.86748952627237
102.448031890901
133.6136388296849
149.57666847644015
122.15265121967025
135.5266221257815
140.46778275876449
-94.65358653087668
-67.40304326881059
-126.43042908688201
119.12987905479011
97.72241830296093
82.14829596676866
246.37482613509746
69.15881788344028
194.75872526153313
61.55188842392598
250.6634565006906
129.9619173053143
104.87724763981818
180.7807283107557
85.3954070245308
-238.9831504014557
-253.63333112328596
138.80553260665044
79.86423137514475
50.38950797294841
93.69654456382979
154.6866460801632
146.57980909339977
-613.4206325092526
205.07584592392462
165.67783695057835
96.15672601001108
216.18009658721377
-63.01743921835774
245.42688990475773
138.51838199229212
-345.6424075756194
268.26528381588486
140.86559258195916
262.7098981900769
160.13284289803545
114.09013401038654
-24.40041762993289
134.66888308788512
262.1094631592126
227.64896942322036
247.2878037404628
-51.64962439027917
129.45088142224876
-9.179337895421114
241.60371352329926
4.123820406350234
291.97912193835685
23.992191492529457
138.41030259826312
132.56118737106732
-53.77254951327933
202.69912738524948
253.98925062982175
51.90209345819039
302.17591918984556
143.78931732548202
-39.29982189093859
288.0531749104014
-31.40754309780654
-216.10226599717888
18.181396100863722
152.0912622737543
214.6848602545763
107.49509934755366
35.95546706602981
243.2347952703473
213.14505290271
-45.05414725641576
144.9857945320611
269.25649601917405
293.97508503864606
281.1355804972913
248.02544438954988
282.67734218518257
-282.7875247632418
-10.706204902264474
263.2178730515153
180.50640047489588
301.12334678183436
257.7478313213804
286.49010777163426
292.10292220998457
290.036639147665
239.97180754342713
239.5269177807683
-2.1271720699350283
-37.856424609339314
173.82710265094835
32.01023970824645
194.40574225434727
289.8665376307096
-176.7767541690076
-120.16018282870704
-8.228138283775479
203.20624204074664
244.28704960550004
247.40149590346255
234.4512424351295
34.48960240230733
-328.1355689559085
-23.00498507473877
248.69061705313356
273.9793434608649
146.5865863087543
280.0493739130029
-67.30775112002502
250.37352601249245
257.6144085879107
254.00680541196212
-96.20775107823418
238.860428310819
-78.29246205363212
23.46255405813129
215.8608460007012
-461.9954769849822
25.513876855278205
245.04859143307834
257.49960514215434
-46.36597528863444
87.37291242761991
252.24498066373724
-233.19556096434553
201.5705871787428
230.17737312357823
125.0917415238924
179.4896807383172
191.69703481612476
203.12163583323257
-217.00052123722392
234.6380006243641
84.99722254278039
214.5574006006386
83.22804076738643
232.3579236856181
70.10665068456109
-186.77266914602723
244.17044323486581
-132.79885038972355
297.1113837496814
-16.937775494023427
19.070242323582505
4.888176865634634
-2.775807354083028
254.48230203895832
206.34078604261614
275.6915451674065
267.2592437752633
289.4561769655232
258.797032773986
281.94927533971554
239.23042174193674
-19.93667480309645
247.41893365845414
198.502498215667
185.65811098805042
5.090784380968202
173.91516335597728
19.318084090184698
11.658311769758
-175.97701971705305
40.41902343608945
-279.9285973781798
259.3647815131246
8.037617037287887
242.20943994138068
239.15055969497234
246.37371227470734
-145.7292684184645
248.80065673687344
24.166126451206434
214.18173868226864
248.32928321282245
225.9492776814817
273.2316359069471
206.9058865384648
8.919704523968988
-85.37151641538016
224.03383396675395
248.850435118875
259.58579830083096
263.87329323817806
262.62022241476217
268.45573405785194
237.4410760909153
254.45479242029865
148.0094632682912
188.53291904032824
275.08302450768053
241.377255898066
288.18046409983504
249.0799126673967
-11.39590065243992
261.0692893154459
-408.57912346687226
230.11234299267585
267.0771638077008
-225.88836641794393
171.86710347118753
21.021994981388843
251.1380445569361
245.86267936397016
22.86434323830791
54.12521889840481
213.1737670190017
188.16019812046298
120.18424679892163
-26.585311757678767
-288.8838068244318
-36.70529304612346
266.0497142436225
271.6304737634425
59.23178085220641
263.5747028939728
-106.22289165107652
229.7584027518014
254.19294612497254
221.65776565061452
177.85039312689827
-254.67254192443465
270.2132744709178
229.919825259253
269.03878951326624
-160.7488774475529
159.6924876204859
261.4525646574535
284.0509449971137
273.3078129607185
252.81050086268522
259.4797360388644
264.15880614944075
226.08463006247268
276.2251996313581
276.54447430121945
28.56389084833387
-46.103518359516045
234.5492024839351
14.413005434601942
-58.60213138537895
230.4733150204287
108.3563152723552
256.20349585221
246.54702027887362
102.0323423213444
164.16462327757364
296.1392774674655
-90.48514332407028
-233.54528562136238
249.0151762091263
273.343623792987
-175.64634323229652
245.90951959783047
278.3052942613681
240.5940840492557
288.67146906518457
30.158736985086307
-23.868556087498817
310.43593532596174
260.05848073933555
281.91547888993387
257.57428900085887
236.4173584714896
253.75671766015583
-149.39008712168732
-5.672420183014111
201.55695871596606
293.052371184761
234.46722516839637
214.40044437687925
306.4860379391939
12.297508297868106
288.88493637754476
107.98215063084342
246.61600698191992
7.788582201932172
112.0001942445328
157.55888560983576
237.0858954306582
285.63523380559036
260.4187812406535
265.34410467829196
92.87240052461257
214.17814292285414
292.84931454344644
290.87753738847266
237.88380587238933
240.40094595431842
210.80913421586013
233.36491768779695
243.25316173681543
249.23886001572262
249.57036704237416
269.6496706752124
220.80596196435528
274.75441138655526
-36.807887478974365
274.2575866523408
250.7099986671457
232.50124486376117
273.198827265496
-158.28974803077864
11.094502133339532
269.5610410183075
209.44702118127788
-75.41956693985017
280.81686256251953
-177.31074788457983
239.03509701833715
236.11455988400232
90.01624928459329
262.227148239083
263.98266076922977
308.0867469651507
-402.58836156625046
175.2776897775982
-4.51348693860416
231.55712943228883
225.01039621225442
-235.52416699313926
225.07115483529697
-428.0407282185186
283.27077704556825
236.03953620844263
31.354113871037896
-66.60625621554225
223.11725392703218
100.36115927724927
-157.6707915077323
253.1077878180478
8.46265275547563
-47.91367369076218
209.20043130217118
259.23489944853765
-22.502867914560298
280.64265779112725
271.1448502568298
268.03788230861824
239.229851120162
244.2803739626369
244.48171746055434
268.385871856341
221.44405326200803
230.15816779286746
268.89197064281734
192.2959548446874
-44.781929844494144
247.2866261182366
284.3167734485846
258.4752619206876
264.99732315542116
267.1699777255876
-49.51476681799258
-15.381849635765846
264.1883945640535
27.79681873924352
257.2318205609199
-40.10460325424532
270.7457765961566
233.19152263292497
235.8286007496862
250.8838557878598
251.03080338266062
225.30506245105417
228.53317122504552
231.2745945693817
214.8488909228441
252.63214269009805
263.2931517378156
-25.129672083534714
221.7615126454703
128.9642269386478
239.9122779827849
223.91186555843208
258.409491574183
250.75631876205162
-18.155848727206873
263.0715081049856
304.4695017034468
-214.22627387217153
271.80773870224573
233.7441446142513
-174.78865595002745
257.2600360543364
305.2608830481255
-49.71009571071312
146.91687988594168
272.04872804708987
-68.72068387679046
269.8774342570681
241.92215050506354
281.81593862884176
-22.850867841139433
267.26066953992085
57.32647055171441
298.81740560566084
251.55083469057433
296.2654825404634
-36.85455697263684
215.25587584304603
227.28727328573382
274.52313504563233
288.17618493658574
273.28025475776883
277.3577466434826
277.424379591973
298.7514375360141
249.0669312421063
223.43241923127405
257.6416260200355
270.0000852342429
237.8123602047474
233.6625119236333
253.1017899392243
196.68682377543033
-49.270295471376144
250.17004813489032
263.70123320080603
259.6546907755263
-155.49054425503965
281.82253596203395
239.83314850547856
267.57106804796183
164.70169687678083
291.3317737545035
239.65497484740106
-187.19816756689346
237.67663167935385
-184.4837447160286
300.0025602501948
251.41695787080582
269.60503778654794
24.55721666783451
249.92908355216187
90.75562536914754
280.05057193156017
23.053173004791716
34.420871694585344
242.90104385242603
232.06563694502486
263.2506957280901
-56.45603633346732
250.5433695161611
-47.92006021972175
36.74330534410822
-4.29170367308528
255.17851647554755
269.1419942264205
226.77539821552307
145.02657174049386
-7.396000990369117
203.48671004651584
94.79190089410565
-286.4468506467698
-44.95784875143342
-453.09849819427683
-262.6170678574008
-12.55342044903918
-136.97585902326824
-126.42287913812582
-280.9846485869339
-145.95389500031712
45.35262034465214
-203.8794954846025
-220.09882954348848
-247.03446771411885
23.81503662728234
-53.12570649654785
-203.51529267883043
-188.66187282866073
-107.88510635586206
-451.6318511667829
-208.00767753112302
-141.31693007942746
-322.51271157661836
-129.26794537286082
-225.69181171450225
-11.064932103891138
-36.59895022501118
268.42663471879087
-98.20513773610384
-242.51569438631222
-75.74737422020802
-291.66065561183905
255.10981432052594
-79.66568155509204
38.21495390617792
-177.79543397100954
-28.705478440037055
-159.47813204572424
-82.3500059671666
-140.43205444310036
239.81923029615984
7.111947305714878
-224.00081585579179
-20.73415539141665
235.94676355550126
-111.33433225320007
-207.24440133453152
-173.3612479104295
244.91010664486464
-147.25964719179723
-118.34079980673204
-217.16861870233743
-77.61614551483221
-225.61420752884786
-232.1810111343016
-182.258852567579
-99.6871472046396
-180.95209065311116
-13.398962362416057
200.7891550849688
-21.96635913594551
261.0909894251367
-242.3329392633839
211.9621266498317
245.16468258464667
-226.13862231028605
63.39220265568008
90.18141701448185
148.5984653313109
-176.24638833346165
-256.0053859311638
221.27141685791696
-39.22837808702914
228.40245098913687
-11.723628050431515
122.49284683925704
-44.47620323079532
2.1453256756089303
287.42240984958175
-83.85256971297974
83.76991744677562
294.2794829922483
-36.49376542934303
268.90963987272494
238.36443729711647
257.47305610238516
299.9166371854591
-268.4264311822835
-184.87598287664883
93.72835125269522
-171.67871773629832
261.6519299716276
276.6782510324563
213.7201866940792
273.0479761738338
109.7970499910631
262.83251641386994
217.42147548275963
137.42824000588934
294.3272899531335
146.88955244078682
254.85941209278528
243.0507538796926
257.36401558586863
104.26482985004913
281.44845022616374
219.88099575473223
109.67984647861846
129.98077802587997
2.148345719585663
301.13677445494216
85.08938719218547
-15.20326895061919
221.22323301767983
118.14351939738015
-191.22599387657493
279.7450282245017
22.49378157782533
-22.12470564596552
276.35420997198975
215.5256238604927
221.7082278511825
243.2262937528629
194.6468042834141
125.44020070347118
255.43668581445664
182.43084549661185
122.90077811055912
1.9886325291557796
-60.77109486811146
272.0259500754952
-16.37898507017009
37.56991082876897
108.95806529103568
226.86217965240576
236.6909044735753
-19.45500068190583
-89.43935977441198
254.63574772491563
-128.10286100689245
127.42258148428908
-41.011128739105885
254.99421754173687
67.07976486175946
-147.78667171671404
276.17556991103964
43.16588206839987
273.4705694571867
63.645988106854084
264.98239364896494
-251.6471128323255
-26.183242781678857
259.9408357516835
-95.48449793335065
250.1075389548322
-83.8244003969793
-144.82503743349494
