-226.6218349128705
-184.49287390835676
-242.32158882698053
-0.6852834790912254
-171.12270930249872
-138.10251540387395
-204.3909721138093
-206.4721024823599
-347.2086032888552
-12.233637134169541
-165.50509807516107
-44.924696201279474
-136.069832977311
28.680902372194254
-122.41543400713799
-96.47903809296788
-42.0451879654826
-26.758698251453822
-179.66612667706062
-83.46077152447326
-180.8137238889713
-74.34921687075854
-90.59050290750324
-110.24523788492965
-106.03364925947679
-108.58941223659076
-110.54025890918192
-124.32130970839208
-81.50338152845177
-230.23346510689424
-100.71850728687168
-75.9282089320824
-24.212767436828642
-70.16394082154844
-46.296967589228814
-350.05411269484557
-134.51087119632504
-64.79223257713534
-48.513939187093186
-298.25181551614537
-116.21860809893091
-106.13932979973804
-91.13650679383541
-67.4811849776171
-101.40229398394904
-103.18034967611568
-119.87655816693854
-59.84092981971162
-96.47752410877685
-79.43773925461919
-167.7516562651929
-146.0539299993428
-121.41190523558511
-84.26179905511684
46.241652744160234
-123.33295177664671
-27.46809762915278
-52.58517940303577
-71.65962490302054
-93.66693458946123
-83.28074736347594
-181.63778638528396
-3.6090839278021036
-137.8132237727048
-82.45613156560756
-99.17273678177531
-71.74872953590616
-70.48723410235115
-82.46786108746537
-57.38402136858619
-78.21383086639995
-119.5478431794439
-34.58795289228317
-172.63956649454718
-74.74049434699839
-33.27973758573988
-24.59058424234543
-150.9180923787161
-44.90935568737227
-3.8015857040471843
-115.97596994736134
-28.448366925696718
-55.508483353222104
-161.43394279201686
-100.58303515094899
-65.99849212517775
-72.20086680200548
-26.46760111177116
-24.68470196372148
-19.859647255252625
-24.228311040917347
-48.66817068815085
1.3096416755449667
-64.4099327906679
-84.83322776020097
-64.03915369560582
-59.14519481408432
-90.43906195408013
-91.12829731278215
-178.300561863654
-162.14806974044538
-47.72193583718913
-122.96848089055595
-39.2130826870828
-119.98605308033798
-78.37000900223924
-12.915477178283396
-38.80423779730803
-42.13730124018337
-103.94805818446191
-165.7877089413546
19.832639198337972
-45.60887596505617
-84.82330835498057
-41.19177573716364
-39.92953306614295
-19.390442830593017
-148.03528048029187
-141.2964479354468
-39.09527604207052
-267.14613232893765
-76.3262811026399
-91.6135982141286
-16.981650094400052
-117.31695995574572
-169.3622997274314
-64.35842435389804
-231.83495793747977
-101.26623103856312
-174.37355976831276
-47.62084307768808
-65.813025911697
-156.51027871804618
-13.46377754378942
-82.60780179307858
-6.832254359719883
-149.76624926080555
-46.29548555429929
10.390459622059439
-194.047301048417
-94.08174155431006
-229.8968872511572
-72.15916373184072
-36.00530962183265
-67.21083314524111
-21.8259623081061
-15.34875611010412
-10.841614989961727
-129.35421348935012
-23.750064709614875
-175.52340134463452
-226.50937259949845
28.82013846884496
-25.512909104166965
-51.54148554878708
-249.59157824802637
-77.8102894925309
-8.92316939788249
-50.370426016828645
-40.050395787020825
-43.58660290244711
-110.52420004988437
-169.6077408807775
-19.887495562730237
-205.73453306052988
-66.07186723203094
-230.4936673132374
-154.02514838703522
-24.89001805146593
-55.16853870726999
33.156990926879686
-200.29300295653843
-36.12637881632878
-50.4427362264082
-255.67883983368333
58.77326089750169
-147.56351142644718
-20.49098990193835
79.43714210215818
-52.21916283793047
69.9455143489424
-159.4569201556975
-203.29105456686761
159.44245839733875
-40.11593748318754
-167.1480343811537
-1.212174352566933
-74.35217652608301
24.715062279856355
-75.16305510876944
-60.53305068879871
5.931946845870456
-0.9228027678111914
-107.38710051492987
-72.75087583800453
-62.70004867980231
-227.08214449293934
2.0851395701951247
4.405341751362449
41.18609099282444
6.17521797115856
-35.718711563667846
-103.55631281069451
-16.687829027973578
-27.153070211458754
-92.14265852938
-81.54102852302681
-72.50976466019569
124.44115975551942
105.01817893041786
-44.737567920842245
42.99720010715558
88.19383845605209
26.88374032625788
-149.0187550012119
-41.549217858430445
-20.500201517610044
26.949846214560665
164.9465588985641
-115.62003265795998
-14.534954618342226
-11.742981812767098
-51.29451752733348
-110.51270220323585
102.05821957796489
7.126436437289826
18.838671724786565
-45.16034877328528
67.30100111742063
55.93727692381535
-12.758781283635443
62.624675154787795
39.30438806437986
143.3427100863314
-250.2394358492632
99.15529801616644
14.855840663698132
78.5064446322147
92.61814475022544
103.65496766044609
-158.4217113755329
-66.52184867114651
118.62346204132054
-25.187271119325217
21.36297710921657
66.45968972730041
-2.8901098366765012
97.2559748033106
-184.80167808647477
65.97783399893791
-148.34942781394597
-43.80185007986216
51.31899040121439
91.83776171932807
-180.09682499991573
-9.796871261850626
68.18449474754848
-25.196381597943898
92.708417849381
214.63638163654736
106.96213364204154
34.48433477278491
-22.537458547059614
86.69937216994738
52.376920508743005
87.43800441651035
-124.59665162356454
5.757919527011225
29.46892973281635
101.87002794880767
33.28845027853626
7.05853078178343
-81.19615174693624
90.69756257358551
222.2722205830089
74.84823647612139
57.27336374203975
66.01832980102863
101.778088241803
144.25674837119405
147.8388718457827
98.91471498325903
166.92125293279466
97.09293169413586
140.7181309109491
79.79258230391471
224.657409193649
164.5922608082196
257.99668722951685
135.22569216160616
283.03348336121087
113.68065711820448
117.45445194658744
211.96763487980616
-98.02663015546376
100.55735558783653
-243.99660687359486
117.27079504783742
142.58847899689542
193.4166931573826
-277.71887344189577
-361.58922571460295
141.6607026713008
217.7204208731585
-161.23187130070164
-11.731836078067047
142.32522079813168
-4.5946492895307784
7.348571076232204
-164.98933240502927
57.77594243023531
276.2137727523738
96.45721164948849
227.81304318501557
-202.43696797698647
37.8115134267031
-21.846115382277233
-131.99149852751628
246.7757412981619
125.79968790837653
116.69579681304133
104.67390697860048
284.74614746713524
134.33759927651883
170.9366185472591
258.33196177149114
-19.508709835651217
237.0749415372355
116.63150783868683
196.42997313665563
201.0137798365994
95.15117934929316
184.5434006214008
18.314132980577725
24.47036275128277
255.27814781013026
268.4529471760421
121.75601128243527
269.27427662737387
230.2471756610457
97.16472756464715
128.19670438738655
271.4887997935832
224.59634068605413
177.9153306708277
137.4944540302545
193.63032858498138
175.33198689020477
235.79646694785293
203.7143376778963
266.9163961114176
231.42660618303373
3.0148419225486123
-154.43753370872338
-22.516987705270807
253.9963120262521
221.70486758435487
196.19783369498728
14.314855157316032
238.2411815817636
-12.290794217512513
168.13968009453237
23.945672935870817
151.7734365800349
19.619850374412522
125.81522094345365
-66.85775763634462
271.7338089478856
278.81414650514114
212.01064889439436
219.18646411222892
281.40574676038005
192.66500981483745
265.6220065946635
163.85764082195772
-92.4691888383708
216.03870886209143
242.28046932098724
241.89766458213157
269.2798119915525
245.22798164770282
297.56522722625726
301.14538092503705
93.49010680403738
251.1272929150369
22.338879643557632
231.66541218783118
281.5148634869569
248.59444504102547
203.284398114015
302.67324195605414
-50.795966635371784
236.41630644029743
280.81862786041245
245.56851582830632
192.65109180290733
4.3655666829495345
241.9161162161142
215.53800172665615
291.3658701465671
220.46230220356756
-193.3048111345569
-37.1319293385573
289.2545808676124
37.82271978641754
18.342675463949433
237.286639528092
24.69514539487126
186.86231287857532
20.052893042986057
-6.701199711071155
26.344193682881127
-143.49566599977936
259.1551158540246
256.1720831377486
257.66422619842524
262.8438443551536
243.42275776540095
236.79551051364814
206.80408154679677
-82.65881924208173
235.44648146515942
264.8499359411984
303.1903384653781
227.6951551517639
242.76044402191727
24.344124366090398
209.85513373539916
265.4691066277711
273.92468896684414
252.48422413033117
258.7310659875774
263.76632591610667
230.89552319513638
225.10540521954402
-47.61027408270098
196.71592741449734
200.35170353762453
220.88127188478168
198.73160847042004
-51.78156846283396
13.157430876271263
123.23621610946924
282.5937541559962
-228.5466434350948
191.49368021429208
101.86393201377567
276.5417759717309
217.12406796333866
267.9552411306695
196.3274913688884
203.81870045484177
284.62415815015174
251.39074814060285
-336.887594916044
189.5872588796031
244.75883275604534
256.07935192039275
168.4371482390922
240.96250526561315
267.8931465881544
256.7765455673434
162.8412884819591
275.86205919997394
321.99897951584666
267.31652368858397
39.295892332864355
221.88597719473339
-58.46230121704174
255.18250620872516
279.6366886417479
275.31352155349373
214.47167695201875
282.17815762365603
60.21920798365167
143.11328420056594
267.9278549430344
-37.37568740253849
197.74607082947483
168.8452204926811
178.08062450443924
227.62256207816722
243.0582148186127
197.83414139020908
241.70129436018192
238.33723513439512
-16.83258768131425
217.13299549271233
202.42605810825836
259.02232394625145
282.6429365893174
191.86054536421398
264.7688481188879
238.50926584278596
271.29928394590536
166.455926111371
204.0441220781704
253.74871239152907
246.98172898619427
61.77288655212829
-63.91860935692
277.46374195713145
261.0953542787805
186.42310169479862
-59.78789699830155
-39.38660254049128
22.421580917153634
211.68133648165477
157.74013384340574
242.496820720407
280.573033897937
3.4125061905903777
11.402336942999284
171.46440808598476
-10.983540867604447
245.46185631308688
257.1429260494416
224.3543459519089
262.9861095755714
247.1173535336706
280.5802870782541
171.76383872121193
225.9459077235291
-46.711612648593544
-71.57470564815073
213.28707383791252
227.58999669329552
23.27989572796784
232.6525735301876
248.00550313928744
241.84248520378299
-89.1718426574071
223.7039346537319
196.877888879563
305.21531262684334
248.63350415890375
-37.68060371153326
167.41158828796014
239.15703182374452
228.09519655313116
218.72993410713735
177.98542139415048
224.380957098188
239.6405657092299
216.67370770997502
269.44518849629173
309.31018660127074
222.27524622827758
-244.2283807848954
201.99394234148696
-125.02890968243835
242.88391181772528
-213.35030183092152
186.6309322134715
-10.362014072657843
189.1461011680198
291.48189332830043
4.79404804820949
272.5619585742281
242.59774332131693
196.2110865139769
272.49455638481663
181.22805133677366
279.2562284860487
45.711168834502985
234.8514958488975
282.004497167506
241.3856034069248
11.738099944403615
278.93194004512964
256.5750613329782
241.77336913563332
0.2929676957344469
226.75938439321266
281.3758109033856
222.30298248748977
206.48665966345607
-37.985151206296436
157.16927780807103
217.05457259127536
248.34445969522037
251.01710111874996
237.30495225010864
204.4618296291504
247.12941103946616
-48.7141844618004
232.46653616946264
-179.94176966690947
240.89359677227438
192.490298397986
-82.97736314556857
264.0283198162421
305.603600413636
183.33428326530364
263.9729581855855
198.8466667632636
261.5206762454813
19.79861774070889
52.05637541071971
302.12407168211547
266.4455177448891
168.31338849633377
286.5294852408381
11.643311938286018
245.33361765406056
256.1790556800304
222.21092991826993
253.62431713488093
289.95093375545895
223.19756973484732
57.673128073687906
241.25756787065043
289.8009440831545
241.77273461402962
285.26316817329746
240.9828506078709
283.92716801874974
241.46258132668888
228.45148506943536
220.6208175432348
107.21759237263122
245.9636878943316
275.68916326585986
235.40497327666102
181.59202554483295
-50.36161490312303
325.19949786588074
36.31054298452287
261.1917978386532
245.61936707419747
279.36955932200067
10.580732033113122
197.44831353465293
288.3284591463962
269.4150272533881
253.24964733255857
258.415196809076
17.32578208439527
251.16367593223367
-17.221069527293395
303.4648311364431
246.25838514306287
293.4440524608452
247.74155884974297
204.5975328563623
269.7062826826548
-52.224466682190865
264.9560158003608
-4.652209634026761
224.07550262827874
260.15695435673763
249.5698278906038
294.0740015143218
-23.67077227469771
240.597224840782
258.6802075022316
-8.498511342132389
242.92932639580854
310.06970113907016
289.3225887885977
267.6338625697098
305.56797396121954
226.15611927450172
256.8942155571855
216.9571555432571
211.2542307729571
222.59491847522986
226.6740399170692
-208.66053796174413
-234.1922102502588
3.1665504381364116
281.9960791736346
56.33340949996537
229.25648673848428
297.74202165776495
20.721159426556582
273.05525199384783
241.90495164827016
84.76842223939275
-14.92849077654759
44.18653752788302
5.566892833467264
275.5991408647858
246.63838522468694
263.34671090972597
244.29874680737515
292.40489004371466
24.666680490421456
13.098343436510604
298.80182448378605
279.1814248728084
251.8226455225699
232.47290511423688
-8.938966714575315
276.7259529995174
275.4258355863292
259.55852147961946
-75.30267820850088
-24.904994276449827
232.85312139006163
244.78233719579762
251.9168513763149
297.1034374421455
-11.902167227254793
261.82308541656647
189.58634584247068
281.1412696653485
-38.81948262503174
169.87099085718302
14.330029655892716
270.24969534423576
-36.8975968283636
272.54815657456857
266.6758068786614
304.31850599229756
234.88168978779555
287.8019368774924
257.1690132275843
258.4758358172878
288.0262677858865
248.4667858801597
233.89194781879337
305.4101506200359
245.12479255840225
287.5113296031635
237.60066098812
275.3083342110082
231.72782873953594
-382.09938290176666
38.20697475662183
284.31014351080546
253.02994461010667
198.3659893114883
248.01473413822956
248.9272833402778
121.04471218341824
191.90918006714895
208.59191947970504
256.12853559157327
233.43688201748833
-31.027838886856344
276.27402660552906
178.70101316358893
267.61308989939187
241.52058369959457
245.06324342522072
-60.180088412344006
242.9748042196913
252.6522014105963
132.92569421491527
280.73372904473433
208.09535873382222
0.1862880419902524
282.8321363587328
226.22861380378856
199.43020900551483
206.5305502287053
-161.95268343554199
214.74535048465498
203.33366355504916
256.6878370058785
250.90172460865634
-8.487000601949148
191.274524898677
261.1244489972368
284.77914988724024
-121.83499455302947
275.3920666626875
-143.92695554059384
259.1075642354203
64.12013115953346
274.52522158866776
274.1023128303082
280.9520728584164
232.0736975771006
199.1995080464032
279.64146242475323
248.0099370068938
263.9733320474068
299.988089599182
238.4112555660629
211.80943892396007
186.71586421929874
213.57293278319946
279.1599694910568
283.01578641093295
285.8609545393594
254.47420154266123
297.53450938041414
276.2897908355578
219.70905519360323
290.5807395396049
247.12456945704122
197.3851486148718
39.027308827042106
53.61690098258933
297.41063731641407
226.76405033767026
233.2207836193392
249.82024390687468
-32.83979968953017
14.426629685448262
8.753423393202624
42.04863662663766
266.0964766260835
269.06877384238226
219.5989125308282
27.560529791963106
227.31395226817102
-10.641891859036306
-50.03855019803203
263.47607592649297
178.81752494205136
-173.77723579789085
263.01268542833316
25.07232261366046
251.38763368559555
292.1575460756769
226.17501487573688
6.759459023382391
271.9703317847416
271.322115856918
257.63232870695333
229.83134319747413
-56.781774222095514
258.59048552763693
258.62726382832875
4.607823190404858
211.98613278814605
239.17695495645134
301.69118596463875
276.90523464772247
275.9865851878708
-39.55622174301625
260.0501197773509
-107.44989298624579
-137.66255052678622
-389.87371336303914
261.65876029022957
281.86053302302844
267.0240167969876
259.38197360356753
268.9013764371284
258.1163683308967
253.46262087830831
259.9208524212205
280.2936986616613
-36.48571618621244
-280.1676375536225
291.101301237519
264.6315326640713
239.79603212731823
214.05216935156074
290.671131929966
267.91952832484486
-17.170751696325
270.8996578925993
220.60861868965034
17.644863648269876
292.2221115830089
309.73688809055955
191.84028612655223
301.31347177977466
185.70377387276244
-18.393286811673335
281.24128199340396
228.4029718641861
264.12426854207195
260.8940856110651
259.8376263980243
184.1902665661995
264.163041641171
259.23903769788933
233.99480851691578
259.3771986920142
295.3165229203645
270.4602898385284
8.79422452823799
257.09080043468373
14.05305589133647
288.2744756302467
19.724076388711353
250.93874087626304
235.43974776486974
263.588805628288
294.0190605127506
288.62779201128666
258.0001055010675
239.23432846990164
171.66533864241927
219.68264634134562
-68.66843593461223
259.13586588729464
260.2290476667484
255.0081968537265
-4.296163521152337
283.345109394348
297.45530165207106
246.69140772051855
261.78520620213146
301.542973304381
-61.07818697611534
262.01997890705024
-32.983842556035825
246.34814187340382
235.592849581377
237.47450193534814
0.5021654289278956
221.97039769007085
231.46595824286302
298.84672892712507
239.70901412723256
293.2780346455346
14.545979918911371
-203.8233324224734
132.05072736831357
308.93437395496505
191.85054991661747
226.53422820114034
267.2671996192162
43.814722244325054
-85.41673091106514
224.873695308768
247.66703255052988
266.784549018137
296.30680390714804
258.96405548832803
261.4301261870063
259.8161162699806
199.93005648848265
238.68194591112547
17.168081269036463
289.59097874550923
264.1755562572125
267.76683223189457
-77.93265892183163
249.86899898385218
248.81358863394013
252.08999959932018
274.52661454745146
-0.35951510733589487
268.8390576956589
289.84974704754154
201.5857354627662
288.14942475860414
-46.21155335798572
286.79564501019576
212.27956015056998
205.31663838438834
289.02005033051074
256.34157236157955
275.07285851369676
-9.786448219631566
-37.16282673873009
-16.417814593145664
276.4217951172376
8.519081963332084
196.28760782549162
263.2448813747855
-489.68576874895155
11.677168897019357
261.9077199214257
-11.673608064943593
-0.8885258336356117
271.35501171987755
256.8633630754944
-28.71478158376992
-12.705453223928984
-6.468898546041828
231.35324518061913
310.75803275590215
19.403045822968082
278.1343976050239
287.5077753571031
-46.764968310982916
75.62086822888696
-43.17982266706015
268.6074399388863
259.88402742507304
27.58565175693323
4.92857290083073
39.968079132774704
227.60413288037893
259.2775066041132
110.00167834980222
228.69122454763792
292.97358541135486
242.45245243378287
210.7444091733515
245.33825997586422
-195.86930196007683
266.02974171569144
-18.609808933794795
193.91703753440476
219.96358220010683
228.53469744459542
71.20124896972746
310.49117288891523
277.2957869511214
7.331395898009234
