-546.6164218211999
-119.19683178184849
-357.5655929121058
-225.47454907032585
-431.43628693857
-186.04756144512342
-520.6907963383344
-169.08941115574981
-339.3872651128245
-285.1450782502658
-362.4335084439607
-291.2932935893502
-194.69470480477636
-400.23781901806035
-324.93224852515425
-423.09536783664055
-107.23140782918713
-246.20772321919097
-266.7963680105832
-406.11969132105884
-107.3691534602424
-93.80671921103783
-357.51986323360023
-305.72828853216345
-187.3300336007319
-517.5799329231357
-184.71566048906533
-143.04707253974104
-140.29723881009397
-123.61978515832656
-237.07962547301693
-471.91698804880457
-117.90592079357864
-80.83543438090983
-260.2147898612775
-383.4983162889439
-101.17701918682036
-142.08509976616926
-88.95987933810805
-350.4959989328412
-290.6103244249103
-324.2212644200587
-166.76182425662165
-300.254077765089
-96.43903866807894
-284.9413157407354
-357.4619132549959
-306.4150654048532
-144.1930762194081
-219.77760323459484
-31.02403098640407
-158.74204689551618
-153.39255533865645
-250.5326479002694
-47.173583259827595
-372.5543649868118
-110.9598563690349
-70.62936275833138
-287.02361884084576
-298.41905527295046
-277.0329284431991
-130.99108168135655
-184.57518044182177
-101.01190030337092
40.04897748225798
-469.80621534422073
-157.41944250048172
-344.84798733755827
-9.870942716175989
-113.43471659444229
-425.404336893693
-92.11914248850506
-316.52698242626946
-96.55304939360265
-373.7819309896415
-83.20180090622632
-123.63186945152752
-155.94878232861458
-264.145908526388
-147.30617054876683
-137.601883332893
-329.2465510452806
-124.53245562600338
-264.3776332778698
-86.11801473606158
-122.99673798010295
-185.2713152328812
-257.0925528176797
-119.94493406962295
-346.29227742882046
-340.6334081666575
-146.62222635108571
-359.9406472973885
-488.176402087484
-167.9574427074109
-73.9057778840421
-113.16686555347258
-291.4312825427171
-71.84443884064696
-151.0949632830785
-130.23414716160636
-297.3555811556431
-197.62927424758618
-280.12838128919736
-315.1491911090782
-357.81695224580864
-196.1987293628991
-294.0136582851459
-43.262861130491586
-243.86984318784715
-171.67100020024236
3.5042996731396983
-98.51942403083606
-151.30699469428998
-162.40552056645828
-44.66062460780657
-100.5804354989165
17.23300277645059
-187.5104660936698
-253.14982416949726
-165.53195343806223
-104.69465664910351
-103.791116994907
-158.57665933166285
-168.19815324632964
-64.75725816177005
-163.8002218276202
-256.0868825526941
57.40844610889627
-248.07238359606006
-98.75526869844717
-183.0468740614225
-42.71930248924785
-76.75789909082187
-127.9838755649805
-156.62219736940335
-134.04082322045662
-99.76449883518426
-35.73258112674071
-202.3768438104151
-129.17333812939358
-74.13233220192726
-19.301030714106403
-119.26926356762043
-74.30547563042717
-23.594141477735008
-92.42917845943249
-97.55445728871838
-25.620601353479643
-283.4200068311983
-71.16769531587742
-109.03706789658652
-63.521070358585625
-152.319481899999
-94.21510718088142
-186.84054721885937
-86.13606102626663
-63.81005300359118
-70.553435730015
-200.55204313079116
-101.8158574106238
-118.51035602423485
-76.27797764550729
-302.10848328548144
37.79010086121585
-92.72483753068556
-89.3955577268388
-133.4326992232925
-90.24096195901326
-416.91217810882057
-60.25772567550345
-28.825182166285046
-44.415725956479676
-90.57105626780367
-112.88625047456875
-52.34493900765229
-151.92393211758684
-248.41555786145108
-123.84637523738218
-81.62786270619222
-188.29891292840722
-158.97744389341125
-47.43008119637457
-261.4522132607499
-104.93650395786663
-53.39753442197066
-38.55273302502518
-127.05212982499582
-261.55457354542284
-177.1478733138295
-90.0037404317916
-70.56582411999922
-232.78368947285995
-202.80170234794554
-67.52224202725526
-142.37480605762784
-78.40778505215678
-112.94563657164245
-107.84859814191825
-250.18479741049674
-52.934460070639894
-58.58295788098772
-31.63620816061467
-61.68418260699586
-70.07884135727971
-1.7917256835850566
21.93151609595209
-271.01680726573704
-113.08408162079067
-42.44464318058563
-271.3101993185364
-268.8872898671607
-90.74441811877138
-21.448232813016475
-238.76032357418342
-76.46735225119235
-128.07451876117838
-212.185312434252
12.988847236702355
-94.78390100881312
-188.49914781314794
-140.98279831209481
-46.43364717542346
-117.89699700578367
-160.49615869062018
-63.00101201755366
-285.93156557959185
-258.11907781221385
-17.277321852706223
-244.61828941989705
-254.33591179875685
-586.7004507314253
-116.00332389389034
-100.23019222776001
-164.85676895522397
-203.70166909776106
-163.9455007948396
-66.57241366162405
-191.09089013073955
-58.53456623549647
-179.36417779241825
-179.24096367427018
-176.58227062829388
-51.97731288412588
-226.99045260679935
-372.0221626037587
-131.3056058306922
-144.34405092009212
-241.97854891853618
-86.52867071968736
-29.636750780649606
-311.50345605734424
-101.56931460342967
-246.53825258462783
-88.5161506112507
-27.16652477106082
-14.680267776033716
-118.51849474787355
-79.47904461791194
-97.61799996195624
-273.18530677170696
-69.16044975784803
-347.4023107667616
-253.03573496218002
-38.2991509239243
-288.19914797955926
-53.72340564425441
-223.8774748807904
-82.58344507340979
-256.85292180312354
14.885999940091601
48.456222846732516
-33.551404450207016
-40.80287318138485
-59.093356934935926
-239.71582428133624
-135.5529347666407
-91.4945254672568
-171.9070090831932
-110.43810534456628
-89.74646967671873
-80.7261048010784
-110.77984931997119
-62.18736181148539
-125.4415497048117
-23.15431116768123
-68.08385877367489
-183.96444052685115
-250.7723108920555
2.2593121808882444
-97.03990870046823
-127.278421531041
-231.3667683878526
-58.30952970822575
-26.21175863000218
-46.00398292344056
-41.05324358297711
24.437423554871643
-70.49508596839291
-7.591043239783119
-132.17271211432234
28.905970083179454
3.7543699688399244
-44.4244791581591
-375.7156832490839
-99.42378151110194
-61.614907989116595
21.969638190427673
-250.4354659788484
7.405267950518649
-131.50164946744306
-205.6167002529729
-225.12860115269876
-213.72002171440585
-122.8412567786805
-166.5040025165953
-287.1610422555176
-85.90433771568514
-356.75019410462335
-215.22792633795305
-391.29969574506634
-99.67203572949153
-207.53370867411562
-2.9702194927502603
-42.91561717175066
-205.58204671584087
-138.85761378319236
-50.68949336142308
-102.0128462501161
-31.257858931395475
-73.20229776152324
-79.73665427927378
61.185926359737486
-126.65031202805258
-75.29182998402707
-78.10484290209207
-419.34513017437683
34.83349267102336
0.3861156726230348
-167.47500498937742
-16.232857041906527
-289.30188739455207
19.0095878883853
-49.19983654824597
147.59260555095256
-262.8548985334255
-117.45062816623107
-104.47806327674014
-214.5751368116642
-21.331415001316714
-261.9695851139778
39.782052569980095
-128.12073351931048
-231.92270576554085
-173.4555261115545
-168.462800975464
-388.45415571579275
-91.96775646217209
-192.53096280871273
-99.30127040866837
-150.3515294586134
61.33234087187716
-96.77393817981603
43.550986074152775
-184.8148323671523
-63.111602843811454
-86.47477832799058
-55.4370544515705
-115.08539441739985
-37.679401026391176
-45.5547511966805
-233.70891705912535
180.48659522497326
-20.61665963355472
-8.12335216176298
-27.17145971279173
-39.74078161120079
-156.05954500452984
-113.2482663690015
178.5711469924196
87.56263784139969
-133.40436127709003
-122.83073543655755
140.835201647039
111.28951934418545
-163.46682046890294
-71.15524857505268
-65.48985371467595
-335.91940147216224
-154.85007018897252
-111.2101135930782
-159.63212195029757
-180.83029704559783
-27.94676484356546
-176.63532306534046
-259.4402388153637
-85.29014409116272
-405.6063778318584
-45.647203473942454
-42.10575448056821
-30.874617739511848
88.10658617494937
-76.1939023205979
260.0879323044036
100.97486030361281
-82.37884210214312
-24.77678730041427
-149.70892959394024
235.66515575953522
-562.2448612975056
17.029607768194488
-48.4616630413184
-109.17509945713883
-138.4370882900427
246.75591740705255
184.41305209412505
-242.1124512823183
-57.63803171542866
-52.23994224075565
-156.75045642886332
-121.06667680588035
-9.184787604339874
-302.6496456111656
255.0485253573648
-375.4365967952991
9.110172187705045
235.89426803505225
251.49672975688938
-80.10506146467638
43.894834467743664
-178.91303008179517
144.54517052387808
287.82377691001307
-69.93184217483854
43.542461066791134
-32.78694845378408
-43.41008844849942
-187.81849830043046
-193.8478666614297
-68.22230030224839
-264.00070448278416
-75.96608466503525
-149.66622497379194
254.72614321112317
218.6331842631838
-96.36626671507004
112.10444872560183
-40.31441606919152
-63.972436681950484
-21.8231778433843
-238.18895948639164
-97.92254099544374
257.3442341799662
79.91769459384011
-124.79014791689747
-25.603212661097217
104.16128488655394
185.44048868853304
134.7047884125136
211.28961326931005
-17.821866874973267
-140.52663514010672
-60.73455584669673
171.68502832497683
-10.895186706788365
162.13086803099284
-51.40996343960149
123.64021925206175
206.33582260513333
-40.48081050817863
226.29525085748205
-89.18190344744812
227.41412478966208
-32.64543155088755
284.5722819831402
-31.787912084232232
-27.689052358772642
187.09488990862616
273.301905343254
-224.9761758551291
222.64561112706218
-266.7366971179755
217.4403224545983
-78.79372748017114
275.0256680868052
-151.95749897984228
-7.840491979147998
-160.42156856978949
176.75195995505015
28.25920709956904
-87.72827751700727
130.32327234380512
-39.87760100192035
-53.03060725072987
209.70914267321345
-97.44548040815518
-41.49918729912957
-25.072192836756386
-146.33087513533383
-82.06544555241632
-75.4461147275421
-150.35916700396484
216.5061037927901
171.26725679133034
-73.85381794444511
248.38411915665722
65.37924013736111
234.70249534749007
160.1467726569503
17.20360379196414
-75.92167431100287
-125.05216259679759
174.5609962915273
-60.99503666178627
-212.7624846750058
96.87076952730096
-188.45618882359534
-66.89676493929863
252.47414180465628
-310.35998109345593
-372.2802817589395
-27.172807874287173
-189.83760026794906
-30.049335702010552
-131.3068177011712
263.86322441293373
-39.64858726978063
-98.57710132788313
-103.09022856354107
-20.991891085991938
127.16516959980491
219.8562637115398
-47.43790492610095
-108.13352118731544
-109.54511354653421
29.257506680028428
-64.74944426489606
253.54626706909306
-268.90463113413347
-146.1625779100526
-64.1463415103668
-55.09765789115626
-50.56740497895643
-615.9305778851091
-23.743352795701924
-43.66496720615227
-176.48504245913017
-61.35135481586843
213.19753382668182
-45.5277637462229
199.38777772741946
149.00818710339053
93.0892908106648
250.37276585244445
2.929718361015702
-109.45845123681963
4.336753488920394
-42.9726590201876
-81.98505563200916
38.91777873240514
-166.96497532247773
87.44350109590002
-159.75464580817305
232.06044796867647
-95.64998729381715
99.3832408328511
-60.88831605007252
5.410394810664158
-62.854679980786386
-94.53549449567768
-51.78369510768708
-265.9369500289805
120.59869110303394
-87.966831927414
287.1256957748731
193.18802738485104
-189.58929256021742
132.00297448839567
-59.03834660630797
-68.71699530311777
-34.96940533030342
-136.58903947889758
264.0049352185689
164.91052602420666
-249.13952463580694
-243.12804801766282
-23.770432503926912
-93.49717680950361
-79.03944269866511
24.263826341010102
39.706492481467336
-136.11649120835986
-181.96444332707313
-2.198763144333711
-9.11470407889125
-253.90871467233748
-4.217855777659153
-4.236135940433201
-104.59413177552706
-98.1640745780117
-28.056767524669155
-275.99098355510245
-161.0077096062842
173.0645115278267
238.15930931279382
-87.45021862258179
-84.04513498837585
-60.50396971444799
-65.89625748481501
-196.57392119214677
45.590331958310884
-244.47380366268996
-131.720099058354
-20.2998295053647
240.69202002606886
84.4094030472952
51.106202094586195
30.29117037489354
-61.59500400260039
-212.40268909078998
-222.72445233926936
-18.016966617821495
-20.937420099858485
-203.84100263028483
-230.7931813849736
230.46211264616326
-177.06218897911876
-238.70440510237606
279.9928518005946
-108.71192292789931
-175.96790561610294
-176.8434730691301
-33.611325972434926
225.59559332129817
-195.06172074868527
156.31202881247592
54.88376669530489
-37.016954200251575
16.503466389181682
41.21608320547746
-236.1389981214438
-111.45418449860529
-86.53625176596802
118.29585729069525
230.47001583206244
165.95231705368894
-37.79930320270216
194.3534187694072
213.28289782260157
50.64304822480623
-67.11434545545279
159.43096746435992
-132.0864975874428
215.66391236505288
-30.479986434268255
164.9373104104926
220.07795356170814
-85.39735037945135
131.46080866757512
-37.41944054767848
25.76271977380641
-149.71450329072283
153.42134000164242
-67.52919664140303
32.10963502182814
87.24406891371004
-335.6355753622895
199.4683250780742
-209.81358858473624
9.81126612207224
-96.43999097305635
68.3448498918345
289.0730331697739
223.5710227485036
-111.9260279747874
227.83151452038817
-56.476542381436204
-19.464567068602094
49.28072241272258
-159.4386439321662
278.98204828320013
-149.68253016576006
-31.85636542164275
-172.04037128873176
-73.18863084417731
75.58384871350785
-167.27132753694974
-152.11281020953817
33.992248959941236
151.68935534176433
-50.04801540500675
-153.92779439389022
192.5718443840551
212.42579065135124
230.89126374138556
249.4091389479753
-309.97298880280715
120.74684893451733
265.6689695882865
246.77103401448466
-57.851758629698146
142.11250049804337
222.8715257575086
181.3326101037144
-21.891871078084804
-142.8805239998903
158.10448729447864
-25.995218641906305
-73.64268771781268
-193.72603655191557
-229.80071955543812
-99.36975574900212
213.19885555920308
254.1088050251346
-354.4184593182972
-74.39028240244517
-54.27279021384848
-206.81010900425042
-222.1674591999838
212.74475493507686
206.57098216305326
-207.4297298039025
218.69308383949488
236.52836903529527
-177.1705456152331
143.93610417961486
-68.45007938640592
-72.26615329053084
-81.03419191575652
-63.867705991272395
-232.06611928534295
-124.0656457403816
258.84452343637787
228.6790045505995
-196.85117393529634
210.84072278395664
-239.77430657726038
-209.31872659799149
-302.00682919610506
234.29824958037815
-104.46615984178655
260.3999598774641
-213.91825276710875
-71.23407536321494
-216.09241970731114
-196.16984426260825
258.3791473257576
166.50577364453835
-35.42841449458818
190.99668036165517
292.4530776342367
-24.382858849809992
271.0078010482348
-289.12973996682103
149.64777430258198
-247.76936409429092
-130.34123806873845
-180.30913820444098
-14.334010782043464
-250.91517816713642
-52.3114690788119
217.37858176618903
110.22011706691579
116.09668497388714
-71.86263608949747
239.65566528435082
-248.5363562344043
105.02568854865112
187.94302270545847
-48.11511857795834
96.46605173408116
-161.54108518066477
-208.4769371809135
-142.31917253616697
249.9546998279103
192.15085812564558
-27.17241800130651
-237.28171828006438
-37.0973203928054
42.10133871119206
111.75962206861084
308.01867998450757
23.995393383975852
-62.30663622685172
-58.29367992327431
-53.2794731879617
-211.04021365118467
78.39504278009473
-155.97267245782973
172.25846611768213
261.31344153673126
288.73057603807547
-176.24458299878034
-173.8699385862244
-203.65138504028977
-58.41833441528436
-32.86943754803319
-35.43009860511444
43.79575036557708
138.11388432851496
139.43241804975608
246.94882480954917
-87.37712093977386
-110.40100390471768
-42.82536423782382
-213.62526140761085
-62.551208915241055
41.64845693964788
-172.95308962501437
-115.87625259945953
-146.4611276345437
160.8673772975444
-88.86930539120941
-222.811351040003
-48.56504494355646
-145.4953519718607
-146.6817185981051
193.0994708223863
-163.25665163340835
177.48736387606755
165.8310293004758
231.8384848191898
-35.28103220679101
-122.94504736516839
279.1104868548321
-161.5795136948226
-53.85879248894427
-122.82748665181344
253.47189327362437
11.343525780795787
-242.82649242942207
18.23945660333402
-95.55469294504005
34.61552224842908
248.6059612631681
276.3162174285143
-19.541891075318077
-114.45623010627598
-78.5510243973666
253.4881139564559
-161.99542475552317
-26.3927859771524
217.28563787534515
-81.93693020157664
-14.885607631633462
-208.44442895417447
-67.8150300119433
248.13552256083392
-146.22389521506807
-98.76706812590186
212.69832726433162
175.98675641232043
298.40680667265957
39.93541124197853
-43.61339132315865
-245.44510707140003
-335.3427488995253
-42.544976111792394
20.522934681623127
201.19386810271243
231.52903668378607
151.95307408933678
277.4201780714328
220.3390673775018
174.66491497023827
-112.62582064382423
-38.20430390581759
-134.23576467828522
-115.19087863575544
-346.3025067688736
-109.75788588561126
-28.123465137674287
-223.56401177761026
-259.01672560307236
-173.04460236572976
-219.91623093144898
-49.74996200343945
224.5948119507895
-89.67196998723065
-111.60883923525631
185.2801238782353
-145.7064962038475
-310.420961882851
154.5682314029914
266.0551322825834
213.70833175050348
272.26116528190335
235.024335949272
117.067983796972
151.05261090944077
277.13334034824203
-1.9793664180739796
-322.0524150829011
-200.82706369453985
262.9211037991237
-80.53432016259907
-32.218887638530134
287.02232064265115
-112.87024142993265
-145.73628942178965
-175.51488678664327
248.0208580555614
244.55853510209468
238.56188685579679
-117.2448970179316
267.0537847619223
276.7861529076479
-208.15159709527188
-26.21522486984105
-16.13733244894722
-76.30084044512017
205.73340335019094
-58.49655232174511
-176.0854007352449
-87.4507413069614
217.6794908050121
-76.15636160257759
-17.277509762668714
-191.32412082739478
211.60950905133947
25.071544787868618
-238.86506233437143
-4.899769065098226
-48.80532144263796
248.27889791036296
-28.213075338207517
-110.21122078333842
310.8768056732167
-158.5010816096702
-172.44843707644392
232.44450090097556
206.8791520718242
-160.8494787860974
154.02410342831826
-53.761587635259346
253.17419045949796
-31.882523249678712
-43.89152874601464
252.17107892800294
-378.23858775007983
-202.17149002703172
194.6813197301629
259.1200371037573
226.33999941054267
-50.63992026485137
250.70324472678763
58.64687741519322
238.77740518504967
25.720742512562254
-383.34441421730156
-46.770471072778676
257.6839222637338
257.7449972029711
-185.26596630122748
-177.08010351973516
-154.51158972683243
-121.41032210124658
-205.54133114504708
-134.4596085119432
211.47831335766608
-169.06901060688307
211.11065982103588
-20.134710988329957
276.8501193417791
205.66144377899866
43.50357949892788
74.38567803772735
239.4063416116518
179.91998293390952
251.0068455863511
261.1803978772317
-120.48489597064777
17.046946386812564
98.42382459016713
168.84852014789487
147.1436331389739
-27.72356519361368
236.9830657565338
210.13004655775686
-282.9171370568542
-98.53262146537558
-43.82583728166948
218.43816562229313
285.44574305316735
-264.77766326402264
124.22920828987293
279.3778677801122
-23.103189134809142
-20.57036040713598
-39.59699524215175
216.63053401831218
292.219885788371
-69.50196778442289
-54.78322785588837
-88.47493409750825
189.4052382464954
280.0156529085634
231.22294040139244
241.15104582403714
-157.7638964630599
