-79.0615366623585
-279.1471225640695
-406.6434520912858
-601.716997594593
-639.196595879048
-217.36816113853914
-244.39702318689763
-91.36755830042128
-219.3448234929225
-473.00476869412756
-313.2750855425418
-179.44352512233604
-528.6417199709796
-179.61997564337557
-361.214049519205
-580.9739190763687
-390.79966406708394
-217.96535344381363
-277.1044553824252
-334.6114343169504
-553.8300411901753
-106.49232518808492
-182.97358137502363
-448.0389819126542
-254.9663664149343
-103.58462467185484
-405.5373741447028
-176.49219790788905
-173.51976306911644
-275.96086393960275
-225.40468811147815
-174.9312357324119
-309.90967584027794
-299.7001383018949
-205.7733840432218
-50.03790292588414
-189.23815768721988
-458.83980628958574
-298.5013712180863
-198.04000305316657
-439.0108274290714
-359.01351114047594
-208.17162794999126
-345.688559512319
-47.12947532032801
-139.64622767298982
20.71380666108756
-64.21983392196265
-251.8095645067889
-168.90544134341135
-136.3216851789172
-190.90724003727456
-335.4102614461026
-143.65492189239257
-113.20739067722947
-209.89506585035136
-242.1331784124877
-249.14087769487352
-323.7959034194816
-290.25132253110473
-48.4263678480457
-163.55152767275302
-182.18240794799397
-277.54595747299464
-314.9361808987561
-142.45598880023783
-240.55551740169287
-174.904385208644
-163.90133441783172
-440.6746788656017
-101.04908818343971
-332.1293735570657
-308.22934651021194
-375.22961538649616
-381.62488924019584
-440.84283360970903
-207.3580991227282
-268.3373347047393
-36.7156495119028
-295.599931027569
-229.81722279708723
-83.061362726992
-137.79156806110223
-38.871040686348515
-122.03778374509396
-314.0736474278425
-156.68158560091342
-5.629116738619544
-353.9569457295578
-314.13211258399144
-63.39035334045192
-242.8543051315816
-251.99164738724167
-483.92048093322546
-195.0124255091293
-265.7946330849752
-382.4827544609671
-108.82858090274588
-255.45153674428516
-220.99324447727503
-100.65801852729273
-89.7060976461323
-141.92370488824488
-360.0587569712808
-339.72294505725995
-201.27202264628357
-404.1481785090543
-210.2567373795452
-203.11040802466266
-434.6506458165578
-413.6557368606808
-214.92451071693336
-81.21136327342504
-114.5169767261543
-361.6155490258377
-67.74962703974757
-143.47702494080383
-62.49189729164574
-374.19534862678563
-309.64142421309145
-280.16389139588483
-103.65330366297121
-191.8393368204873
-93.21138026139486
-182.54194493289577
-30.47745295943851
-10.165158265669746
-117.23661589990189
-254.8275491056434
-138.28929657212373
-316.0344493246664
-78.83840624835928
-203.8323240579246
12.818734543037095
-308.5620460832349
-115.33345692183538
-200.8154555157027
-190.57092963658977
-118.75315655448354
-100.88017470046334
-253.04953167982984
-34.206067573355256
-202.9762920255825
-39.71256112630638
-199.0766680637335
-104.26802585761767
-100.66860301577617
-78.54896862158854
-37.0040240448821
-133.34365409866524
-65.12647588699554
-64.17624943706096
-244.87663169389626
-168.70786961793033
-77.2369682248419
-56.690801036983615
-98.6815433448256
-52.808507453903445
-231.49922144368816
-72.36537589077261
28.150471594726667
-172.3064467226733
-13.494950211719683
-69.96191507278701
-92.30158616478309
-146.07606572966128
-163.85778497551118
-88.06071579530926
-215.44997269681716
8.753033871860993
-254.82712440882898
-148.01643333647135
-103.34673379304787
-126.18508176594548
-43.53871659479002
-78.26206568734355
-176.75995605778263
-263.48001567052603
-92.08118067600105
-172.02668226281725
-86.8504695064178
65.62072193777897
-55.50698268248102
-158.78545922385064
-136.94048448324196
35.054727032351025
-142.52332573266506
30.811869474146846
14.832575643631401
-219.52724360442278
-140.92005095721305
-128.83987566173172
-211.89452448479162
-262.8760587182993
-175.10425597275935
-27.771501556576197
50.16410839707979
-1.7286619372252545
-184.5875200031288
-200.98305216106021
-28.05299752939264
-15.15271511479905
-206.44591367172592
-57.470714591908326
-92.01130177701114
-97.22898929155323
-147.7553973369347
-224.87637022083936
-72.41141474968583
-19.905341158642372
-137.289067713473
-149.87301063956477
-52.353872971898184
-272.9880669727223
-203.57148036728472
-160.41124464145435
-102.04348876710077
-191.3211455153451
44.774763937895614
-171.1084866076585
-198.5109150607687
-43.26105492089127
-154.99788503622318
-179.88136798108172
-101.93293696131192
-273.808639373805
-212.8189338337184
-149.4775767106555
-120.58388800708371
-36.89941879979982
-67.42749612861209
-92.92616489519725
-79.18400281420958
-77.73540088122947
-32.88559507144295
-52.28932185182407
-333.88537727010134
-171.21525818019072
-133.01992473517043
-72.30087968874238
-79.26709581322498
-246.36581186102094
-282.139164783197
-200.3485413189802
-147.17620767037852
-179.81106520694527
-167.48818116212675
-196.02631121412858
-276.2632737889778
-95.43567264982337
-46.26918181475686
-186.20633845777735
-74.2109076289639
-159.4969081117255
-0.05975881375455572
-100.93769367966276
-66.99862968591462
-362.1867466458067
-135.64505013111932
-97.47851154775353
-113.77448519670492
55.99290436851743
-108.90579700244587
-236.27573028636414
-7.800536265954378
-216.64359875845315
5.753149458585341
-118.24116295119715
-151.32553415314277
-118.5753611198349
-95.37575114488965
-5.42028870087691
-75.91426051922349
-196.73229286432496
-54.23654773996353
-72.42572078087184
-165.67076291999464
-202.74146081304116
-189.74468640747529
-186.31004353906576
-127.61096012380796
-164.50703791246843
-113.57963225794697
-151.37743107077642
-254.37450235535775
-175.4818426508486
-85.37893865812234
-47.09192334361602
-278.6965131177252
-211.22501351344465
-356.2065528353617
-92.2985194328723
-133.55348529905845
-60.43689410902576
4.065938695506091
-213.47603246014972
-110.94486210593784
-140.8690550807471
35.90412158213422
-179.44379507440374
-161.35211437859226
-97.02300739799706
-297.94908917915
-90.75437253121882
32.734675693811546
-215.4209280099646
-80.3496256036478
51.506414499174014
38.37434778591705
-86.80066931427402
-34.713533037934326
-119.27955931115369
-220.31574771734796
-151.72976442926205
-240.3811000705338
-209.61937640152485
-73.67716725136721
-16.520266744092908
-282.94795350193647
-105.38656156045269
-148.92695299759683
-56.44409577636189
-169.54368162515684
-115.99163932097387
-186.8238993627977
-201.85149460369374
-157.99319420765838
-200.1634541353785
-182.91064813249898
-229.65835067721454
-20.530974465742943
-84.08572628739294
-55.95448743182376
-41.30729942452297
-17.28441494182954
-91.75115947483242
-104.49449547137284
-179.5949366985991
-5.292659952095718
5.13007218655099
-225.71227104355486
-227.096233381406
-178.09224259627405
-215.56485809898902
-37.667773084881006
-39.59637534890214
-319.44452735453245
-187.04073233442256
-27.32168723000737
-72.41024961223674
-207.68956784243636
-170.47641710557866
-120.65967859387553
-195.21092654745547
-13.94068166939815
-3.8114722833565082
-15.897301420767349
-117.42467042827842
-160.5903684233371
-157.47292203259954
-74.16293387605847
-67.85569066246612
-123.89416235466773
-306.2626184875758
-125.4990640173059
-91.38328825262806
-31.49371999847844
-179.69730285512486
-144.95128849738623
-43.05096682693687
-161.11609316223826
-162.38883247057734
-63.31787741064772
-227.0667651803282
11.565639242828468
-96.54163895535753
-118.1356250212845
-147.80532764056284
-164.92852634100058
-290.05788584406764
-38.74775013565766
-9.569406548933117
-319.41185317803274
-9.885221841209116
-31.79909333139858
-20.861451954950624
-144.72757182545422
-159.6684643346466
-87.46026469917251
-61.986655177490405
-130.5676105889302
6.126732995239692
-196.34212551031524
-80.85902550557819
-104.37023368259193
-237.81604756293953
-22.614702293955787
-122.05956497713981
-316.0731574386517
-43.33753005061517
-108.57461743305575
7.6151202311976505
-12.015215277039673
-143.02279917838177
-201.54431064091705
44.040800281155214
-196.80518763218106
-108.49634701922592
-169.54512982701755
-130.7128809076362
-13.367207156105863
-91.63928734985684
-170.21895590620107
-213.44813190734072
-86.34110338874717
-237.81850555386617
-167.386198682187
-193.34890841167356
-71.05835760615257
-38.56462937768029
-186.28493989642305
267.70669737504215
-22.534765136159635
-139.39055634901055
-117.8513501219156
-77.86978423358701
-216.4397317811861
-254.17227708975815
-230.46327560813572
-168.46292850631215
-140.6502827541301
-97.8093872008286
-206.29527597403785
-229.0099086809913
-171.56002692083217
-167.50501683970472
-103.10885537710179
-195.17729742015462
-434.3750608709831
52.5383288872373
-149.48612878666825
-57.81689622024352
-198.95890471154985
-29.89011071030994
186.5316936922637
-20.76960705013971
-73.29038002565798
-94.28318557146578
-247.73707001052568
-233.1789321507286
-341.4609261253317
-133.75313779735723
-294.9169266949347
-183.36106807918415
-142.0195451703824
-181.30844827329204
-83.248001002058
-55.71360996483337
-199.09288226233724
-12.975921444139217
-311.6776086213282
-244.13241606961137
-260.3820771891527
-98.9214370602818
-202.21808727436616
-74.27131336910749
-69.87422025999075
-171.03703133483003
-43.59561435437865
-125.35784214164383
67.05314301971589
-90.7942043305599
140.91665082029095
-22.902430734751007
-18.686310879227577
-86.40276213519377
-92.40193341505189
-134.94578321126642
-84.49521567817223
-65.01745906244943
-103.93826804377576
70.02291943518927
168.79734167369634
-211.17955626260965
95.75323253877478
-236.0270177536342
-154.66364687372464
-52.68918254190015
-118.65251762204976
-230.57289433112084
-205.74644571659667
-42.55938352704307
-43.44822447904056
-140.70398059232713
-40.95170578750232
-1.8417690923161132
-98.37729840905466
-64.7781687279232
-18.360465936009447
-188.31957680236752
-178.04979942343834
-59.768744685992516
249.9280766415878
-140.17335821928071
-63.42667981122159
-192.57142542118265
-185.97851783364138
-192.14979360955857
5.267296350426733
-140.21404145776904
-132.0837675522508
-195.91677260058327
-107.67055056190416
-41.08132348386209
-43.916933123322735
124.47594420684169
-225.44509689050835
199.92511994812497
-238.44549726742005
-193.84963122214475
-72.57327230158039
209.04196025656557
-142.7654109690939
-42.08283543247145
-52.94231115152918
-70.77652572078345
-101.22503882831016
2.7908667118038153
-78.47611962141659
237.15680818895157
-117.90138207222586
-208.37386924831094
-85.33521946982798
-49.319604675380816
12.834094440488343
-214.83135376246202
146.7105613891057
182.48332678623234
-157.61602477324567
201.0100017396634
-43.44284855599072
-160.7993234057051
-88.1269312251214
-41.601666186597036
-67.07268954719925
-21.119545061786297
-7.938622036800666
-261.70822272686115
-224.1610493352431
25.04778857026639
-38.8193511816166
-79.74745418605761
-232.35734648429434
-182.86014758092136
80.57106023014705
-127.68461742199187
-46.899639711163516
-52.18554695857148
42.13234034237963
-235.78277396348435
-53.974663484945516
188.97635147854174
-66.33542071659295
-34.59246502129717
222.00859851740182
-99.23825168260417
2.9892415703869233
-261.6414450794131
206.38857677479712
-54.433126041208425
68.78978317983749
-158.04416293966264
220.7281014936499
-200.4676596962526
-91.10365430146854
-18.532574484953855
-39.64129013363977
-37.022474257844365
-108.8963027306273
-86.23812220779989
2.4399968794317033
-86.8540600036113
-122.92938376122929
-10.428301640528232
-71.3020679437388
-183.12354482047988
20.439842315947786
2.93197024365017
-63.699106546849684
-242.29480552855654
-131.0198040399098
-14.30851305498966
-76.91386838472837
203.62371685458186
262.8228524244639
-168.43909392418607
-46.64767468106861
-197.61100765324824
-57.16329659489803
-156.69827605719337
-22.638033594898147
-175.46699997963532
-168.3065262705778
-43.83162536093124
78.96446699194232
-44.76574868506881
1.2820674478324747
-106.28297116086897
-50.29359825750888
-45.17581086190765
-82.24234415478344
-209.3035747631369
-72.049177795606
-195.85330534084972
-59.2367455450747
189.4635747013092
-195.7783723546392
-71.66621846033091
-69.67897423280229
-105.07063679513125
-80.611850983012
-170.9737775034909
-61.60078406773713
-16.809694319617293
-35.94069456585436
-59.69169852082102
302.3478914767138
-63.48055172142091
201.0273051993389
-59.91796114431409
-24.364802580349675
-265.3757581671257
-112.92182311916733
0.7762541974025794
-116.22309773720454
-77.10780331638014
220.22511595734707
-4.263957066638696
-55.13203315820044
-117.69339372972277
-80.67989890104602
-11.567604847093406
-54.52774396833033
-90.18827278539194
-101.79198460232796
-71.8164169910701
-46.305137767990736
275.50346866693866
-177.90531775386495
-96.71455840689713
262.16203834394537
-35.12405864717118
14.092504118369547
-28.179306052793535
238.66849281335737
279.87198176811125
-171.51420017045922
7.49258540261097
-26.76265442484916
-18.510817287910058
267.5448014315279
-161.495365319565
-142.34262945284974
-140.105060662405
-30.87875889982091
-74.36827225478457
-68.88362367234694
-156.43079620195132
-151.36066060158976
-7.893786013219341
-81.14538160513735
-185.6800535469395
-87.56794050701882
-15.194262242920203
-122.87063063568925
-35.86932634375137
-4.18793493492673
-81.95465590232806
-109.47133360416478
267.0083427098285
-287.4477400376206
253.6221512834854
-156.96622352557478
-101.38619336746497
-143.70706880749714
-19.837966660847755
77.76828126232621
243.47719522026998
-74.29315667698928
253.402996114773
-58.686474204498985
-43.11775325608379
-173.2924111018162
36.540382641363635
205.44525996422254
-22.07448105822361
18.59018263621269
-192.74149168233737
4.635569804930867
-216.8391323958317
-179.53151060760322
-16.894362477615857
188.56567868814676
209.65205903075167
-68.33096571064989
-196.5689579352544
-171.94954474967255
-23.41003635367585
13.998201026514437
11.477841573478145
-10.348828503819007
-119.53409683918085
-37.59998703317921
-71.18907776012674
-36.6421472759848
-80.23521818717724
-112.37513178602056
-86.63088890401932
-53.21155083890211
-82.72328291380546
-242.3489336866917
-282.65462357144656
42.13796914598788
-44.225885149810225
-53.466582259612274
176.95251053787655
-188.9022850078256
-128.0856229316315
-158.05013558750858
-130.99049124919281
-211.2889668411757
-110.97876169589966
120.91422328042393
-75.29864150213703
-67.15629780386189
-237.85052891904672
-332.01744522099085
-59.045776811727066
-125.48455343451172
212.4015717513903
-151.3832590889824
-102.89780678273131
251.88671415754007
-237.64128444217826
-79.62324475147975
-365.47703410332247
-53.29764091576603
-279.4624901552322
-143.32029209353448
-111.10895331166091
189.31536684068703
-5.9836720180706315
-158.53942444005224
-124.61718396877072
-174.62464007948049
-156.5291702602396
-45.09785023991181
258.7119486529726
-186.91173124870167
223.5015626564204
-126.86492735579736
-137.9811867245309
-229.71154373925734
-54.596469704309214
-242.22331150503194
-221.40663516605713
3.4004052468484645
-118.55505411903066
240.04692424773145
-259.40304064226507
-49.013442902426554
-148.8069576085277
-221.16531191135357
-49.76136617101487
19.62815245770116
-107.43983406642711
-178.48330432534124
98.9690270583832
-66.09409231191614
-56.744437137094394
-227.4633874636468
-46.92493724866652
-37.121772729707615
-147.48798927957432
-174.31489000447075
-5.861705339929443
-116.93912415485984
-195.9638489345695
-143.74979641146274
-155.13636886759454
226.37003903163918
245.73346446566973
-156.76501564578902
-75.72218196021025
-185.58731536982938
-51.847569244585785
285.14054549266626
21.851357452876158
239.4987400349535
-43.457547446611045
243.0397041606566
-238.3067927545422
-259.022689918073
258.7837813841243
-111.21164560401452
-60.91757891486235
242.47696116792713
-18.228090736682447
-122.85279619977412
35.05315962191496
-35.509284721583384
-12.169227746802633
-198.10208144174504
229.26554894568542
-132.42330767189142
-43.84001841549869
-84.07977247810798
204.73978291815598
-41.57369261374748
-195.2980331026106
-74.72645766263962
-102.10249247391421
-59.93662679717353
-145.61075430763754
245.8655897421849
-329.32264093852643
225.11793711519294
229.99491122215267
2.268427509069028
-79.85822315137435
-224.71511253688925
36.63283617022486
182.01654851164594
-2.704881366970511
-198.08302635392144
-68.63915703957119
-82.91395359091996
-167.5889682671667
-186.03069050369623
6.834431620729617
106.56349628360641
-54.74673963520341
-39.21007909000862
-58.28498719095709
271.0696969288757
-81.56398461055988
-282.43197413819587
-193.2153265261068
-33.59729305968844
-136.74872478478989
249.9652542824791
142.55207668760545
-106.03441759656039
193.96273878005195
-67.9351171721701
206.38638524478995
-104.45998584452484
-108.55868031013684
259.8209308610243
-52.566358168532574
274.41355459004023
271.3519040338045
-64.3605097687228
246.0938565464346
-142.77166650974394
-319.19513618724386
271.07159374198267
250.213895277417
-68.74475797653636
16.752380736875665
-38.30336479562034
236.86849288663564
-18.95438803451806
17.187848718211754
-118.21489052111227
279.2396958095166
209.79915460800012
-100.67553244129516
-66.97453261705344
-89.45161861011165
-93.16452719183124
-56.48815614977461
247.5575421722052
270.7069608897611
-142.78234764145822
-63.16987202786375
-84.97954727760687
212.51794502365547
237.41953220765032
-73.25205274214599
261.39552834277504
-155.22632896426975
-240.4136951724186
-71.16247078765522
-180.95955284482824
-59.871834089915026
-88.4536570094954
-36.73271508851583
235.49262789874862
-49.42968397848803
242.47971381908457
-187.46980603254943
-47.31239893421396
-23.099133850169352
-97.7615348391452
275.73723623419085
-34.943917661440224
-219.01359805908336
290.8400753315474
128.25177327684662
265.87362032532343
-249.7177682594119
-31.44095890802454
-75.9809621817696
244.91147800377934
-67.45567728041723
269.22505119321113
191.06172290066587
-27.211384303576438
-93.12032931091417
-17.940034721250086
-159.3395501556853
-126.05600801076523
-95.39515715034496
81.95632898062732
210.8270440200263
258.2888989738319
-83.34887467767206
229.48496929941027
-53.303008472396385
4.8613309939297125
15.671422365525789
-110.86271397220226
-21.04865432459529
-148.1289505070946
220.43445500384846
-90.45867417575292
-123.8745851800677
-206.14840937738654
-292.59263891251663
-107.98295246719168
-118.19551071736531
-70.21700369823608
-25.771989294690826
232.94826587514729
-6.330772392239629
-69.91456424351301
269.6704505139859
306.95096261130084
187.49365308120144
3.0289279832449694
183.5601980684608
-25.45385064215573
71.49104693393406
-198.62229790466156
-137.16769092620663
-7.957016342226652
-21.860908169087125
241.97605707964115
210.0821326019093
23.212693926417984
136.97542545299842
-54.85872084674454
-76.47592772406877
291.7123850146756
-66.34393051927836
-31.822044555982814
-225.29492416489677
-17.42756045528374
-372.8951744994013
-36.89001659244215
93.71956650524272
-95.86335842641151
-271.81279830042155
-197.0218334796483
-86.13545704713309
-88.48011604778394
-42.429505770919434
-76.96198894075384
-109.11482144013073
-91.66110707224574
-76.13135128505057
38.65344336163699
-255.85761891176833
-74.26010706057923
-188.98190395887917
-78.01475441228511
2.9431276474223296
-22.415856729013385
-58.62771939875028
-80.39600891490733
14.113879325196379
-55.858313680472
-60.98700594861832
3.800914303928451
299.59550545605504
-102.70157254573184
-193.9495154212644
-134.99463417424337
269.94945515364503
