-235.45311565995655
-268.568072713138
-91.27256707807553
-478.80101227142364
-203.07227684499702
-246.67141324444745
-325.37794882952113
-374.74885496319655
-292.51195223066054
-107.78479287213857
-100.9032057919714
-214.9247254373343
-136.7120580504312
-149.6985903526106
-8.573470277568575
-380.20652179632384
-320.1103034769956
-148.94198698645874
-81.81583440890485
-92.33964844831799
-491.4729568339977
-124.98072550534924
-116.3236928253983
-375.45492426728356
-91.49295264688791
-110.77849797550024
-103.52550017635099
-83.19423253793508
-110.15433701285973
-214.59661554333735
-110.66107283092278
-518.1936672411606
-190.58843640667948
-114.22993023529253
-88.04120779185278
-66.41705890994353
-129.45185536654978
-247.22613703661412
-4.138756210399194
-282.5360478591409
-179.2277534776885
-116.63220596306101
-147.734892324332
-91.47192104540342
-107.62879000752193
-96.59720057161397
-173.35201713960248
-141.756926354025
-115.34781796739436
-105.42518475887194
-170.18717765886427
-65.52792374880201
-213.13918502077894
-88.81201866172925
-62.199617151643544
-188.67460195569205
-160.7072925621456
-183.48775475609753
-96.73192758276276
-146.15000396833597
-24.068894152301098
-161.2477083093657
-69.68746215450383
-114.81700651349473
-66.42793150741804
-176.7558509826045
-113.14420106718474
-34.62840995063942
-87.17088595382943
-60.97360174393577
-77.16756010998549
-70.40230053294827
-113.64525355394287
-50.18437409163088
-201.43611327031948
-79.73597123434534
-70.76377957513614
-126.87953541881971
-59.51231522719041
-98.13641297045466
-62.09521971469144
-106.21452770628312
-127.61608591835393
-48.08822650598886
-143.1123618074778
-82.0107176670754
-75.29086218231436
-183.12969735214025
-37.61668268459246
-119.67428514471453
-102.00782869548023
-86.21062253474855
-20.5110731522649
-63.83805556926522
-9.375962269053616
-72.67551725852618
-105.4116518115461
-55.38416343838993
-1.0815088318794892
-59.734933875741845
-166.53600796471636
-126.48744416285396
-169.89639743841286
-124.82979279237892
-68.38874720887347
-101.48570009458894
-56.998029422403945
-20.595926435521477
-85.37211995401788
-67.71913556720153
-255.48913808144545
-32.117641098410104
-47.72785567372203
-29.04638902084689
-73.24171812678637
-65.97474939085393
-88.0090819127809
-53.50699365187649
-34.03808457366486
-128.01033810592497
-182.65024435999186
-34.68673503552853
-70.66922211058511
-222.03634836637428
-66.9589672650216
-23.877407128279913
-98.71878151704985
-246.9105966191529
-64.2415104473531
-61.819815958552056
-66.76878106804003
-46.74085259564392
-117.14560522920372
-80.79086041159697
25.223985982542985
0.13944877317831583
-87.0079477393442
-102.7663479079879
-21.908567791961886
-61.489358636169946
-36.08976646141686
-80.71514334225847
-91.80993744566535
-45.913325395130784
-328.8019664731007
-28.3099649346876
-129.6421755120465
-24.518362109936547
-84.2809810324251
-26.039917426616825
-71.42850559115617
-39.938559678666294
-103.94543737152317
-31.13900707258304
-181.7879554645117
-215.06046058672717
-74.92645720612238
-162.99758498594275
-40.78707754158444
-2.496782717190592
-196.31565543459948
-212.03819875117148
-50.120952858245644
-236.75591446151483
-348.1773593886927
-150.12100312159345
-139.3980824774535
-44.406092226477156
-18.583962963178863
-283.5370668576703
-37.37596710612391
-167.14172416159602
-146.1505622481376
-51.7613902051492
-0.3497503445221479
-28.998479134415604
3.368360331997607
-175.3006323269978
10.532178786295788
74.83014058699192
-72.13320002419398
40.996978383357
-110.88096128907912
-57.07603821720433
-232.569385829859
45.55667625587478
35.936988879435944
-317.96660229927375
109.56578427353274
-124.96459739763093
-102.89833964166655
-86.45695997798788
-4.2337214831349
11.42347057807251
-36.26780981783301
46.51008079479929
85.39926934087977
175.48103424270255
-52.13145695292475
92.74464516572912
1.0059285897511927
65.47649814908507
-67.84252122396448
53.2582303623559
-62.383681253522155
-273.62232838930845
-32.693007565273504
-95.94587706752748
146.1021849393155
-95.80816647992883
125.51114656235013
80.98583647451467
113.047625996748
31.82899232791928
-86.65923441885948
12.50410172771116
185.60947478322987
31.999271800936622
110.55004057387971
33.89015276909771
3.0697661175094453
-11.518789995355931
57.24261734229421
-112.08143178278641
-49.36240454875481
72.34343022307114
-87.89978078779328
208.6380273155608
81.02258472863556
71.37401321094698
63.17345174840793
181.3397740238159
-86.93019693088641
-25.830830558661077
124.91970418840054
-96.89199586834044
-36.44950977465383
29.47813399669525
34.88111040951088
-6.279843400264582
-11.139248438339962
93.14539952644913
76.30578090095734
-48.36683394320298
124.62197133508853
-67.20566808249785
65.82206032012964
-158.27165335548088
191.3421882085765
186.71555145363686
137.41140395850238
135.62912765851033
108.16577728899512
19.38835323373054
-6.62076898245347
60.18410753770634
-137.91071436418926
19.304047725147328
201.02559252596816
-47.805398195367815
49.55065546915172
152.00999322222393
94.46999851469124
60.04197738535278
-40.156555374771045
182.0934450096598
-33.766988773622614
91.43125461854606
34.860421396987846
-89.93919589368248
23.384149568644816
19.65463455596536
84.35649573317129
132.63076231490666
148.16873897483862
133.73908180974954
164.79755031441152
266.3187591098674
106.71741312802077
-35.566930745573785
0.8486718452575417
75.2268873914881
-15.901529051146511
56.12355746154954
25.94588443334601
110.67199763947042
156.4332247066648
275.03695916907645
153.36408374053792
117.66404763108541
119.43469989854734
121.87417585271471
5.618251080485905
238.60985851362878
51.882540111022934
124.06472671909297
129.0337580253906
-51.30466909134921
159.39449998158895
137.0158048742631
144.35766096400891
213.95120914198156
87.69581812492265
16.35476385063275
142.63353570266185
129.25194348485797
61.484997334263056
-22.025165294276377
-11.174197629375143
140.76678978849506
234.77651405620418
29.401575791359708
109.01440318992512
129.86727267365688
129.18644693597915
-44.17330595109863
59.01848767352094
17.383595546438627
-115.68037732293085
-269.71334292943504
132.2044610448352
154.36133348432836
218.81970207292972
182.98017007527315
130.95183992851605
-1.6471504803375154
223.4768031418805
297.7111158270787
-25.126094020034998
148.80382706981783
120.44322437851687
128.96332975427686
155.23911617518016
-62.22092768789069
131.29604145504902
181.43700731640965
77.05291401108389
308.5976220507605
-18.27944892486242
118.46853594132551
120.36383916853858
-33.741293958269495
254.3149273573456
134.84987620036125
109.05956570095427
178.56655199157137
275.70556768831045
9.540189152382865
220.96588265093482
-35.79812292205388
257.52674454347857
132.02970842623202
-5.804193062757818
232.681731203452
211.46192745549308
-331.1069212936652
272.34447264444054
267.8795899764061
57.581168985691946
-28.739298801484452
-152.74646724933493
-217.34577581327318
171.295810005578
215.59863155349595
-195.3017995640455
222.34468576150283
-127.47465001183981
145.3031500124847
167.36997129198923
234.24718783865663
278.65624444918853
156.16390495916016
136.6289556989081
28.06850190461637
281.3533070965873
254.7387967813075
158.46971197077787
303.366525077784
130.2315696240935
-32.6554040751259
14.828426805942286
155.48876679673938
180.57249196666126
148.93639502231338
-232.509611850114
135.0574942094559
253.33611276372227
-4.752496449389284
17.0875213897191
-56.09613831429117
268.9597093524874
246.41444238288335
228.63868785311024
-58.31207802102875
208.51443718294476
39.9214791134155
159.272331433465
-21.616930253459174
-13.838538337330945
-42.93187661433804
102.50086310936857
179.77460708714509
-80.9818986047194
190.90291962338165
-145.7372002845175
221.40030518152165
-63.934901856813234
276.130890610012
35.372946342596464
-68.25275436919944
-11.985145181768544
94.40200865473382
7.111293293070588
-734.931247026359
272.5322946663942
240.9515710121927
235.629012237932
-83.78185666609757
215.86138107823479
284.6267211095743
-353.8666646584942
228.45934340259706
202.9327962179894
144.8730478051113
213.90013415446353
13.458694983610258
189.6099686724007
250.71757092013016
272.8462605302101
279.07062017067346
208.70410292490982
230.54706628249724
236.77436452813015
-66.64243703097681
147.46019578649123
272.2980974568505
208.0578270416698
93.04905121716277
275.97866710466053
228.68620108278515
2.157906004583481
72.41793024309115
206.95546083269903
2.3990627532315756
126.94412084005398
253.51952221920567
201.37661958760546
-20.672540444703017
-35.36759726950041
242.59637474084474
313.74574202194293
-71.5649528244629
188.0041502770584
220.17055714199122
186.88898907389125
253.23079251284682
27.005350586663653
258.9804829870503
195.18513900511584
153.36736795602644
-4.062460464972119
198.8967101225046
158.25408061307652
-1.7206553137881428
237.05309688993282
-7.5842893877072015
-26.899706098711505
231.77088046125007
9.795186656194502
-10.875184584721765
303.920814322621
-26.274419859476623
41.433131680112695
191.87635583368368
269.75921512359423
174.65258471870584
-34.31495678646323
164.87431499041767
204.90401336719964
243.72327582349698
261.26471752825285
199.73204248989776
246.14019672633108
209.81516601601768
-13.024555193012631
10.77753483691481
-453.87629849965924
196.07998372334777
-28.823151399537338
212.52407354049114
239.98912245188
237.03763917651924
240.91576888625923
42.15947352424877
310.43931851807224
-68.86099929007182
212.96253101885537
226.54493380502186
287.5236820089441
193.5989226037608
-2.5312039999576257
277.27782245409514
273.07835511001576
279.98351736023045
190.63886367743862
261.99146035219553
221.0811691586538
228.6311272515299
247.07585154525646
200.199014397408
209.0698141148057
265.5987462673668
206.69416733488774
4.754778463220532
2.2130851622093104
243.94236487194948
232.96048555981272
262.11745417500276
252.21137140616668
-8.4119197450661
172.91439908510006
39.03853759474666
270.0852246970208
272.5309475710428
219.8279818629507
201.7949480791648
223.8737325638995
-119.17716051952178
295.0857566548243
-18.94927980025868
248.1909814554414
-20.64238465173301
281.38566841949694
265.05772409079907
293.44424110144575
234.1727692537139
248.58945626961219
239.09696819275726
216.8553756121576
202.21531619797327
252.25821817844047
198.5425838078135
254.4777620534662
248.2048533280685
250.76999231655145
251.69830881843254
217.24453622568842
297.34743128794116
231.19383973545933
259.2095738689413
-14.070991171370324
247.37637670828227
231.06567925006254
-89.10709318564643
-243.81899488147644
-175.28245771505726
269.96315677852806
-8.940577003219104
-202.60794594912298
-36.04763835623456
-13.910112432073163
314.13478307445905
278.4534527139975
251.70541216798264
-2.9340682495185177
218.3992208478021
218.00900592059543
222.04471997830325
255.35382946398173
-20.082058791847487
175.47474306525646
190.11863334816454
236.9999906928783
230.34173114755407
215.98087172683702
306.0477344181751
290.8983710591842
292.792809444673
269.54856985131596
28.91117891422431
245.11859896486436
264.00348670147264
314.2577361402882
278.2268617938235
241.8964396223211
24.399403200214834
251.13744926535233
241.10413480092603
288.989432019329
249.9941944775866
236.7866679115371
287.8115286370248
-67.0694325110471
258.1579918328881
292.8640030616115
236.0746954328024
217.04198827992917
251.8161476799204
-41.070549845290955
254.58274388271784
229.03738394779916
269.2782361591872
204.92652233606702
280.8583194577644
260.47735127783153
-4.806198466223037
23.81363178111465
12.285907181779748
287.69888826233864
-110.8887594366283
48.87755323954508
-17.52659715875285
231.70985648540992
240.86648214250133
142.47499474122748
267.40502304247144
-30.299446437654183
251.89974368732317
244.66302660699637
280.601586650016
242.33514331193805
239.51940761143268
214.09335115370666
249.5056071110699
231.30703619970063
-235.15823429985787
7.2326588825016245
251.41046847983833
35.98052256705043
276.3949850323726
224.27604741334682
183.47212052651668
207.66400515868543
223.0024116314828
301.00472246601953
60.60891699486214
244.7315925409649
-64.09110844906832
251.27350712432795
-193.36172883605738
91.9414767583422
247.70167277619646
241.47724949266666
281.610707026344
262.11936712528905
198.51933368469034
209.0456879754896
2.529041469525154
266.414306797881
41.970010561709785
-6.033157692202963
-77.0952291379156
254.35330601292344
226.55944019099104
279.39731440807554
-242.9433616171557
-199.10533555969272
-54.379591411064254
66.7854832548322
-138.1469589957445
-155.50695144272817
235.62605021099236
241.80262989797947
17.418726542274456
-59.991963993371925
-115.89152298344884
203.8978059612854
260.9296600076408
133.22496664462
261.52014944294797
-10.940779870245251
219.29730190969852
23.696206891781074
214.75262441916988
161.80759537138687
44.440017935747335
236.1855363861733
234.111004896382
219.62343466064968
250.69140752631944
233.90555035025193
-108.36592649834888
-47.229101965959245
-245.52815387693187
-84.92384816728323
-42.21713459224016
251.3462496587313
27.44724373285669
254.71594476188167
266.90420646862333
246.4137993471679
252.62875114482006
243.78451638633345
261.49333497764394
277.5256577763664
201.6715830822434
223.73700099372326
268.0208048750481
-31.65698865723178
-118.7238586231668
249.91049783982294
285.45754047212984
237.7405587236952
256.1308916922086
251.39208532721423
274.2730817422979
242.50394880990083
242.9899972187016
265.48026320762614
250.52156046064664
261.7276731085825
241.7898085684243
28.724965777914406
-134.07188210682298
198.87555871846573
286.96142953298727
238.10986775227454
273.8330010743438
39.41056664413313
277.2440581366119
292.16056523334976
-39.06433103023626
6.412716032074627
-72.93559838048563
-295.6363966465488
175.27385056436702
255.58103943932653
227.38425304971207
251.56682127973568
248.85412987420793
245.53632135521931
215.15392842404322
256.0901372555117
227.84963006092522
119.27180974954811
7.663869399340541
300.8980782369922
278.1744065292232
248.7049325887364
-29.964078226343148
22.44276482314885
-46.44088924843918
263.5554860745618
275.2418491046192
266.0084542213143
296.1312730181166
17.888077027549485
-41.449862171605204
139.67493125142522
259.4179043919378
-51.928629158946364
-22.440434462264932
256.32836543192695
-6.539496918261037
229.54345366632313
266.65677346490565
240.70411299765854
184.61662943918702
257.88969493392585
234.42541730230056
264.38988787100976
286.16349957179705
284.0315429772388
237.30774352222164
229.9952598693837
227.1404102424367
279.98391145852975
299.61849557682996
219.93017910660396
271.05642733009404
222.523881345618
255.30502973795672
262.89932790511546
236.1002470626994
-76.85688390169155
251.49414490503597
265.31984140768583
238.95966932400805
-33.380764593914506
279.2757971051239
235.3853844070774
-181.25901002795348
-68.34878092070161
264.7038271865922
285.9132458012596
253.27184077842998
284.8940870146396
285.67357210136817
13.724536293225242
287.0319368526754
277.636628313717
54.10783577095995
269.883422562884
233.39765467127742
275.6354727341418
247.023606880534
277.86460742880706
285.0169211271978
254.30775733768508
286.8911371992897
273.6189668026068
-91.64855633514117
273.15935008096596
268.4226872280294
-37.744439024732074
14.872724133707564
248.87100530774478
23.409947401772044
246.40903448984298
15.131307965792573
277.9244901829495
256.11261868217923
255.7534635811174
251.03758899092261
255.28678128332513
179.40138664484942
171.16913911725158
-203.75218160379632
95.64576218287881
-41.435034908608145
-80.55078180428097
250.31372101274047
256.3253079829133
-28.176995945704263
183.14688765980725
-52.97815474030645
-28.778713205242923
274.73904883610857
175.9941775543443
259.1487208388311
263.5082311002118
298.3692230680661
-60.732278173255665
262.2503452005999
286.37018186030514
270.19579080118774
255.36012528864205
263.12287627723174
195.90203466070435
271.5896466122949
265.45727379013033
288.5575032248225
257.8802600289048
-195.8618490310277
251.638859231127
273.22892115010586
74.8272416965447
296.7079019215494
257.4234543949185
249.3536208291678
52.022477747330754
269.0650296328975
274.9801318996124
233.23578164224443
60.70925033919019
-6.607194361996406
268.84228894716705
266.32764153751873
111.06461969436968
277.4890611758996
247.42576506655396
256.59593197430644
-150.58476888644088
-162.05345417688557
218.54821076652115
294.3697419795692
269.93070727055283
285.16199966036515
273.8187517106106
291.1710293934018
302.7206346785447
269.0005079606931
34.395976293329284
272.4808810908444
243.9697809596379
241.09348789385405
282.1839722530541
259.88836301974686
2.500496208162062
263.7391843841478
194.031033794689
281.76005240633606
178.0581273429279
245.80507506426653
296.16056152225826
225.87278298340829
272.4330871622677
284.1483610228677
295.0030941466712
273.1101953105402
264.996287909402
265.4060757066908
-60.17214910837603
254.7578370170761
280.0589897903242
260.5060495696289
127.32885689066573
271.08482515246
237.39757779097243
-21.652004915145767
284.23490012079736
18.800163889895245
226.63190776026664
239.84111323912157
217.40543503581478
-144.04160915348024
-50.20987200208195
291.18081363384556
228.60595780887465
-5.7366665310719895
262.22136447947634
173.69396364727365
260.9004381193423
241.6341141351854
232.29286288227266
271.0589230522728
-1.6515407504433313
239.8481903585062
272.8364947365301
11.828537064188026
281.1348934202973
216.68536387564336
255.8479288740543
275.858944012258
263.73344004302464
-2.65123031606484
249.69972537252852
8.795325784584108
260.8617965232219
260.81402467121393
262.5019949137969
235.8713619928861
-26.966928582592658
256.9572901136511
59.46860421942111
213.8467783793659
250.61343833068506
252.56589210355597
194.13965697525606
271.1613628098717
308.6436537341816
268.40675623820675
273.27109093705275
248.17405531229545
279.73655630071016
282.20729985891995
274.95740226751576
-13.555525200393646
252.3528636396838
10.243642362350968
20.148002252117195
303.98265750634687
268.7202181768907
1.8918429485009653
13.577744433468283
261.830429049395
-37.56957435850299
299.4032712646533
172.2305035553961
-142.65928279769727
270.7504645260726
271.4720147966683
287.1705179133187
257.88216515925797
271.62165431042433
211.3951890441177
278.8662584064069
56.53465024616753
-150.8736236826263
256.0697963199759
248.95861559943728
256.3094946679812
269.36326840204896
296.73354624304784
239.81779858195856
-11.519531349528279
48.66639846238385
280.10834211190826
322.6743444034446
294.23743599450034
-30.48291895618422
-34.33727767893856
291.33761466669614
-4.350706433221433
210.38321321139244
-33.45576166041589
290.7461280473717
259.29407252270374
203.543093246151
266.3552173900088
294.7514338931303
84.07279097273947
266.526412113807
277.59551959677594
270.8865464822202
11.535806557329465
293.48608264914833
220.35620353947758
109.42933678803357
-142.461787922801
