-395.48585026954163
-109.54800706732217
-81.25143813460576
-198.82320348064133
-207.4317588280286
-89.13876742598278
-109.5912410180232
-154.20961593072235
-428.55720884323233
-55.46335787044878
-290.9061049151463
-169.96632484260368
-67.10449593995992
-316.67231887519387
-114.16726767556668
-66.36159510918907
-183.73687894632957
-213.37324408480794
-44.28092240721206
-213.42436466543592
-154.71557774707202
-81.35220398968653
-63.543235267334815
-317.4477691332544
-188.73042531685184
-237.5290033826385
-129.38353541492648
-219.80256516216025
-147.79532717546323
-87.01275538632244
-279.8046995916549
-196.71999029836775
-111.78766255450503
-159.43738669463843
-41.070403742341526
-125.26718265105198
-142.6888329968518
-73.09230132924989
-197.31299587956846
-421.14258364851344
-179.27166469020818
-340.2715726729649
-167.91925581148263
-57.58827170462908
-100.33788620819534
-99.06443241964948
-165.67302703887725
-68.84830867702873
-200.01112222227997
-89.36402050897243
58.50672256036098
-87.91282085975429
-93.65350666202201
-52.59086667806392
-53.807763934022944
-131.8003273636428
-79.79516686466843
-196.34714220647447
-177.12333301902217
-54.5724441030883
-30.69941773601117
-7.024504414597459
-67.45214414047297
-152.3123772491644
-88.5736883754094
-38.21944085880726
-74.57791543950704
6.4394815421651685
-153.1203310126218
-167.36029915414298
-170.46464177678092
-195.65227597090234
-117.38585716303814
-78.49122806531057
-47.521781399127704
-84.26673197598356
-161.62385537112485
-93.04275935546497
-46.10095772742355
-78.01718569536699
-104.35763670262239
-412.88017244697636
-298.366593768863
-312.03267934661847
-173.90178342808156
-317.1268064318886
-199.2611748428963
-171.36536602830088
-99.89840037751941
-41.0610989034107
-64.31883302718401
-65.61812197652876
-15.335570666080969
-42.62380602664837
-3.6265931133667664
-137.231042928001
9.779384686370307
-241.40905770923646
-137.27583984341368
-34.05623590877222
-88.6074373286883
-119.57702408574484
-106.64206599504351
-127.83065256461607
-115.07392564292695
-78.0685427549599
-115.00228126080377
-167.10604050474086
-122.36385718469461
-42.17092315082335
-47.57741878209637
-101.37977500157574
-25.978424560225335
-216.28622265128354
-67.85489759267178
-121.19544188902293
-195.09965016349668
-28.429449529306453
-283.83340594299636
-96.82352555221533
-107.97772472682826
-111.84442995405401
14.55204927075377
-126.40467416352803
-104.67042877676239
-112.19101743759836
21.31950081302155
-66.79043472238854
-217.36864521906722
-177.59921068546927
-115.6009131864202
-134.3357660048958
-33.27593473032668
-57.8805363479826
36.9000608955747
-44.80618915976268
-51.48138842524095
-70.75264623994548
-103.06151401864544
-101.81372372794799
11.991719752070026
-146.95021874790888
-24.939038247745287
-182.3807404520937
43.69410080239379
-105.7173800803463
-17.09759123645763
14.952461656015345
-60.285552247994076
-169.7918758641005
-22.930647879317704
3.750417329202733
-83.47285636207243
-184.95551615717625
-139.74716390941438
-111.62307153699655
-273.7006742786732
-265.5421333203202
-70.34850825348997
-85.29590278337697
14.2927836807805
-62.72545617478892
-45.98677854854998
35.783312572231466
-109.81669282164758
-39.48559928235991
-31.120611237890444
-93.0656154287877
-28.159182221609427
-25.527665995139785
-104.29115385858037
-63.88385922802738
-143.18990261289974
-90.53782867679942
-6.820857685502412
-94.80862181795736
-142.48069460230056
-35.633543542968255
39.51648895400412
-89.71452261628235
-14.531138469585358
-19.049622252577606
-34.36868510118086
1.1907105707412455
72.90877197351436
-12.355427087672396
18.698945578942272
-46.861098690148395
111.87483854860886
-201.5031387405133
34.04731991695084
94.14022804520204
-155.35849168432716
44.93582918984299
-124.39874168120136
-154.1634022431898
14.637526024857891
-57.704967860037215
-69.14822583731141
79.94186461701787
-40.5243190688456
-119.55604859877279
-200.61238914356542
-209.01996043119993
-18.523142681520028
-6.018147281699761
62.6963653722552
-123.43353012415363
-206.56319883816366
-14.081686291242036
1.5011998116542884
64.50865760524344
-99.44147053035266
-103.33687462915681
-4.309085660494716
-163.46127088760784
112.86387881371454
109.78880591224065
-79.05871765297157
-103.985933050389
-4.879128489222282
-38.39873593479058
114.96565518045487
-44.3504921344598
-57.86521028492062
-25.0950923604523
84.47382777053451
-158.7523660466182
82.82154968551932
-27.445206434723247
121.67649092378069
99.62929591091135
-46.099177852494236
-28.893411478730542
-119.22941820059486
71.97126816425003
121.20516987210748
-48.734029171673484
-117.20494292178185
-5.073858762400391
-92.31239532038028
-193.16719513992575
-274.4290625972441
100.38576490998148
-6.002461749990104
-93.15867285704334
146.7929285689727
-33.79564699712516
-184.88127380524196
0.38160757836308257
5.164624592747472
112.13519318621877
-117.05536482397565
-68.23521778092868
-17.557122677525953
122.1856654314503
125.74262950165074
-185.91529368289724
-47.75980759649208
13.948513309910737
101.55238374472981
-30.706740317552146
95.90949983413233
-108.28758897363375
-65.22562815984276
-72.41661878224475
84.49114559847672
-63.06949771963963
44.98921921076597
20.954048159846835
84.99142960259121
86.29130599636447
-199.6813529130813
74.5909868075165
122.8639810244062
1.5790458882455347
136.66370126737584
23.98939593175193
129.86098963120966
-33.91969697597408
-51.53615226292638
42.31351402711711
-35.51968551096334
235.59727368995627
55.493396786852315
-111.7632165673553
-219.8743421448628
118.44291513423397
-34.519345729908494
-27.754709861683843
-21.80612895084967
92.83847141540758
85.50773886427743
-49.039067054014566
-184.8892074394148
102.62814175967941
-22.461995837685578
55.54204794038962
-44.37570291450086
-21.67141534892383
62.391772289740274
109.80409943681377
-64.41369938670572
-114.03943240940137
-6.92392363230293
-218.06578562303218
-98.67538005412425
176.1683255558802
104.85386691419116
-119.06532350806576
101.17048102420165
-222.21323388200085
270.43386589790737
144.14024496443318
-44.32101208799409
-198.235162358619
-61.4698566621937
-210.39959686152255
278.07708446939284
-72.45114522647347
-220.7635709959196
33.06789900283289
-66.21194371150479
-188.38735336460945
-34.89060821225296
133.1841358103407
154.92706754022805
128.35340149239246
33.81005560229741
128.33980377766443
-510.50303867290734
39.9091607854394
79.447403041026
-322.8773060404378
-66.1373692234559
139.66074953364057
-162.72150597343258
155.74159571918162
-38.006045797905784
-4.401340908540831
137.7599680589171
-75.4282547778636
134.33581621727814
-191.99632504188577
27.456205034325308
228.39073628810496
-16.98802032893851
177.69827890387606
68.7717929531804
-228.02751691452335
-148.88293156561818
204.42553245171254
237.0783760184634
78.14117738220133
114.5838578123949
226.50744025097706
-106.17683081043849
240.99483550583497
-193.92614286688638
112.22557570716644
71.40020486722194
-147.38426134044397
224.37021408109442
103.6600144313972
129.59795154141682
167.9721090253666
-112.52668845756105
138.36882561089033
-133.78268061757709
242.37015632347706
142.53056764259716
-287.5307399951188
253.43481393952035
-8.112737971418923
-43.394738834543375
271.045180844955
265.48170525161356
-36.26927626054096
-152.89073373841273
21.51077182581365
-81.14112514651879
-215.93273058083435
212.63349287727416
153.22575669157195
122.44435636736328
252.91734223469024
-8.13439058406027
-101.04346431298528
236.75195574126963
-79.29848905343079
-49.618752675543035
-87.15158817100729
-1.0278097947073803
119.87884298241562
171.91974971130338
261.4814358287486
-259.01300185847094
36.406391063919386
-53.61357707736688
250.720416356342
12.32418176520288
-96.4124085804441
231.1775733020009
247.25346484795534
215.29951081927572
150.49375624121
161.2228762682016
230.84782036431946
-239.85708291952426
148.31581113390936
-166.60899622684133
195.17253406861977
178.18534737649142
-13.184611297166114
98.35888769511423
-59.18914425516756
270.991006234276
141.11614309646697
-46.66554948644114
244.3035092679988
244.74116216682145
256.4436251477881
159.7587668450088
115.97033923265829
124.62779046038331
103.77706714949473
219.84552590964648
116.9959842085246
144.15077847740469
108.51452027104895
203.42095572835552
260.874805103393
-180.60031984849323
270.2602854918912
-194.77765452446232
236.5737203538669
274.3575751827776
243.7723455058013
270.40532913610565
-0.8311535264566885
-60.02491794160904
250.5689567351031
84.72449790971689
-52.20932553172368
284.28506445882977
147.36080452312066
262.1629468944248
136.6682780813241
-9.584575073539597
265.77434307348693
290.49054486346995
222.76093606396435
240.2844129043593
152.67400631896797
247.91071014513372
113.90265874011956
162.11626174745345
247.49702525411902
253.06642064369353
243.25957108666853
-238.50496251862685
266.930593142639
141.50853753531246
8.783588458808822
-181.84131732076798
92.04777936034209
279.2661019859017
-59.272161979137536
250.41793632314477
271.8351821550518
287.48237714423897
264.3205606471301
273.4793830272479
179.21177651225923
2.525888714356938
258.75010983305117
-1.8485204966360556
259.521642791007
264.1101533750888
302.6289244957721
248.3483071331367
254.68367890096997
-50.87214589758553
-182.892771426507
265.5938325444256
234.9929926021017
244.85475751311225
-5.555425514249109
275.23559604120857
-2.4729624077456123
233.15884172853836
289.9137905429137
28.46806278977118
40.41193741355377
274.3131877891543
248.53548351079954
278.6107973782805
241.66568909142362
283.1798523590451
294.02934806405034
234.3122435027119
106.30448851050723
295.3957689013614
0.6796054682734507
-11.541355939239992
270.1701274479872
271.29889732753446
265.1048785643103
19.806920802623864
110.75035318624542
-44.21085295180718
197.07293821378428
264.98354477164185
-121.59393254178345
242.50540678360224
-324.7835803644298
281.3295665710167
-21.80860713292975
269.2622103645381
253.96002463266467
211.23276579226115
245.8731296910706
245.80517468311024
41.17157965352084
264.6358553754526
-20.59943654604548
67.13165413193946
20.41452280810185
-73.440912557147
269.178209981617
296.0781728797533
249.59476939867136
2.8441531587404825
-137.7837047777745
264.5760755156737
253.14153675793256
271.18371695127394
253.06575136088483
-155.0194528740485
-147.8432928501091
21.606899543115034
67.33845135291432
160.43493790852
146.16830029213935
-237.54222718107704
280.47296502709617
304.41664930862703
-9.200153344160626
233.342856199626
265.42765224063703
267.8975483472363
-176.1390771736213
242.03050479053675
284.32184785502767
-65.68307801654345
209.94307967599985
240.63082412821046
158.15149047346006
285.6796908353796
241.47519181903337
237.52338243513103
119.98392872202501
198.49984735279804
251.17750006262904
235.6114631399899
290.01237614559494
284.7542574779184
11.00418400816514
-12.794630421194327
28.426416446181975
54.7214223128924
39.086802294237884
-256.8795613307716
229.67177315790033
261.15224079858115
-120.18571107647801
3.219111359680923
226.43130239461976
4.173203227281078
-167.95208203575837
-82.98693509984835
-154.45610381520237
-48.86161979108209
-6.768217850933027
248.21482263188508
267.20367634304876
257.73041705584706
193.96813732351842
223.2081628571607
265.9790795586308
5.646824542535342
258.07531186490905
237.6031796731134
219.95488200168052
227.4258410895186
290.2747302439385
264.9079069497724
214.68237258614934
-5.312157053018723
3.718893917411606
283.00075656723527
283.4337317460602
297.85159489344255
47.87807815288707
-136.04495986439997
216.2604055122206
-164.08879217214422
270.29061967601774
236.02080644941884
271.5630846461321
256.10255927576765
278.6230462480114
242.90887287181553
251.83865801195122
-144.76196578552205
267.1738078316103
-87.21560901226542
-157.09101612548946
15.657328232858447
286.15181167558046
84.26689085766995
-23.45369478199126
269.12927103204186
305.28166201672286
278.73490799106474
-18.222402524637488
148.29190702605504
96.2076966601647
228.04405009956054
140.80434458095408
175.63806907999037
41.564257307417876
137.4029289916685
114.8653498904483
-43.00701843756357
294.8307933214735
249.66808846562117
302.691487886917
72.80513934676767
288.8380321536111
279.43967096525535
254.59883277973103
-57.92783431718813
272.46764516011103
236.1096489881565
-169.65446372940332
238.16255303461617
259.65718476423876
289.1160758417251
270.47847703867023
258.9527305662888
-196.4064839499756
-14.26125869181827
247.544090379759
275.7210618175011
267.83919796640475
258.90707827946073
243.12944408776383
-199.43045168748932
260.2429740589699
254.7051910066509
278.6735713528416
-18.460151858893155
-14.779187043033204
258.17642405820465
227.68811393563632
254.8225749428215
226.32991716269208
62.17593212349297
27.61096655808919
284.2753382473421
259.3035055890192
228.95855147801984
273.1579448939142
232.7324301294384
29.599332564966545
-288.72128688314217
245.7276798715737
167.37237825533813
31.386195606052866
257.75610610240676
251.42286037651073
233.21340934459198
230.83141543475372
14.786936318886063
281.6749821898328
260.6545123499461
-119.60806150421195
199.96812173332412
-192.01271896236727
237.25499512047406
152.93501821819999
263.2443188940391
227.4752141433738
229.82810537301498
173.33592782232688
29.46473826658135
280.93021408258346
26.338418290788255
-9.025875071264423
27.133225329615158
302.0367860540625
66.44927771327059
238.8609689304338
282.8978057053105
268.29497047156536
-47.1500093795222
192.45138028469745
302.59710145646943
4.878580504027568
22.485912533065232
269.2201004871972
-175.26213480518845
49.5419807631132
18.233448740171767
275.1927963623736
214.0368306690756
3.2433752075052524
259.36862128509176
290.6169109723944
164.22440439538346
258.02858577208906
230.38109327607523
241.85968099740154
276.463084158423
280.2362561568917
-58.34590384526716
245.97383501923798
257.19437732953554
287.66844386070863
-56.9095849477617
271.17379911867295
279.28590050528396
-96.16996802253894
53.29926058633542
272.0025471201517
275.9964053694288
-247.2336544026856
247.20508919648702
205.98662336176432
240.9060768107491
284.4760182740405
-56.066904828393035
69.91370442440024
180.79978365386404
261.2346319994362
261.92253564830185
-221.51073813902173
236.27998950378253
249.44388887891907
246.69861641770655
211.2134480862625
256.82753713037835
154.5011344780055
293.0973191905366
-57.17782848477033
268.5628100626145
-51.16810405836422
280.6059400799471
265.67573899721947
270.98561688724203
211.27908709764102
297.0452124254325
256.81726341790613
255.81027779940874
297.99083327680006
257.1498090101983
267.8813042649956
80.03997014718266
255.69487142223971
-274.2267540651836
227.42129401171246
278.95050215310505
156.19706858285855
-194.36654169605032
233.26286611634504
267.66925876791413
280.52062240146984
253.34408290141047
277.8076178626269
283.7694137833834
197.08764314895888
273.76690400199186
259.87265415153786
-11.450273639645275
243.7905267535164
221.6556445252054
277.9316818747752
245.36325324400713
276.95488364512414
294.93358717948513
270.3670121021025
-70.85185465071653
276.86237955276124
247.49559458009156
298.01843736568236
135.42278222438438
-7.854189041023147
4.366037885808282
247.01844722844746
-167.3707698930758
223.61214697379754
264.47334863348624
-134.93426515383936
11.23304842640998
287.7948544467634
267.5714720493614
282.43128197115385
233.45652664144845
266.5496770982386
244.06402980832658
-1.5342642840198266
293.1078424085638
-51.147598404515534
233.41612462507385
260.5515183385128
-122.92984565498678
-52.534997722864695
262.2375599984602
-98.76764151660896
219.1829278211536
39.87764918088408
263.5916598690901
193.1645238981069
223.97250445275085
248.31588506963507
253.52170575805206
270.07687634026394
190.45954220976085
241.01307753562097
190.56624570834416
93.00930997970733
-54.66262628001042
311.6272238069211
-80.62538634256019
246.59713854814544
244.72804895433714
310.49810769117016
274.92394911793593
275.2267685140094
269.34027237115686
295.98395134206623
253.7481354986158
272.09214856660435
283.3563781522231
43.69589931421399
-65.24864616700688
241.630012203415
14.818451395725049
-24.712716349015935
171.9221988190374
-213.97710174571603
247.3318780523888
0.782437658920415
-67.60708690692412
285.7347446870233
141.9665442029401
282.417857192484
234.99779854429727
295.27122874151246
251.54859619079488
242.00850822324819
286.4275823540544
259.2678259990902
195.6492936504547
263.9948875902322
-172.50678465790833
244.1170523521473
246.68886712591336
264.1804743624905
224.949729979734
78.85741401058743
267.1774464915934
-3.977977401952856
-20.359641723643207
236.77971182166516
223.72080151581122
-1.1172658001287914
245.57282061081497
279.6132327460164
301.5276787517855
-58.21713941008545
236.81134541892845
46.34711978045712
288.2717832589298
-116.25936786843616
253.1768526316272
271.1914819185381
258.3445613135744
241.16262745774236
238.14852557585044
-230.70529055142592
-26.867083609710107
-23.135915370555566
261.6871550117015
-14.9728953158005
-47.35787447616548
34.85714960025055
265.5965333970064
293.09034214016145
286.93500153080237
273.1117690653467
281.5212864453687
257.4540140508234
271.6517913518478
262.577708974262
217.50971938416214
-182.96935109767014
268.68488805882464
280.2751000557409
267.9295860402186
269.428272828037
275.64824041854706
-129.47460870930652
-10.803173504898503
-18.37544142043332
-167.54648954739585
236.96705357425867
252.9904399194005
291.6311741914055
69.70987391975765
226.46746969201695
256.8360112096177
282.7428470811054
251.91031387570715
257.77055480446995
228.30146688996123
262.6055793784687
249.22579470344212
-53.66419784987607
263.4161567112868
241.71596361912464
276.5901908750826
213.80560530873828
286.8288678591365
240.50691635875495
265.9835309026495
189.1328599941522
284.21422130923077
-108.78621729353986
7.471074224609893
263.74748532163073
260.13172258939335
252.14610251290543
41.07210485272452
259.95382581044254
299.16164511518434
285.5838756396778
265.9319234378059
-55.850161786460006
-191.73814149242867
237.5621037066512
263.0816634238539
245.98667169445693
244.3731074452006
231.37916244277991
237.59928046533133
277.550357175758
295.38482425636045
233.84969837136737
204.97032829097148
-15.477351813539443
256.22814389670185
264.50232779928194
281.9936408446698
220.21429693407418
41.06038637563657
306.7105512693816
99.55757346268302
261.88288343379855
206.00173998282946
261.1982393662644
294.0716394215372
237.59788154165975
152.19747875256132
-213.47971425817485
-155.741772951261
210.87276687053304
1.9274858885464994
236.86359913941638
142.06881495873506
231.68779340682676
288.2078193107674
256.03797825889876
307.25933085154475
27.007330994977664
201.5657174045885
-190.7743609229883
247.27573221380774
28.377661458658253
316.5315929352056
67.2589039091196
316.6477678102722
-174.111128326306
-93.21399572547223
146.3567056682478
-160.58309256312293
257.60154986354337
293.110171047247
260.84860971143013
