-143.1407833949076
-125.16008467581797
-94.53412562428014
-184.19069202558626
-141.44569251078073
-327.34246536966646
-355.9805317728842
-129.11672167652588
-285.4051127021386
-91.5443082714964
-5.154280271164154
-113.03819568652878
-98.27065951060037
-152.61107188446465
-124.3941036543398
-164.088223189713
-325.6666454958227
-483.66179281475814
-250.6566460474107
-332.7420424881752
-464.08436482107965
-232.26679406192912
-297.86536709072294
-320.9271609193598
-147.68645529633704
-262.030359174704
-399.50421581809456
-28.680011400777715
-358.24444444400734
-205.04109393723868
-233.56797960202852
-101.45223693774477
-140.47184887843622
-226.4137162199153
-217.28612803722257
-168.74850368583589
-192.57500895147513
-464.55391320019083
-65.011982555914
-309.2424387336961
-155.458753473891
-271.9993349934135
-141.02115433921693
-354.0078268512765
-38.180643510136726
-231.25936175660863
-110.90048282467815
-420.17272245783147
-214.8378052281431
-199.76397243601065
-137.527131309375
-328.29761386412133
-153.60313263957715
-313.25059044255784
-103.49935426934564
18.017840610212644
-147.073170376304
-151.1872472274879
-264.5579123711183
-225.5834540675197
-162.86933215922156
-176.79343566962794
-183.61021203928004
-85.14052647388063
-313.8660266919446
-125.3581231814557
-351.7951559017289
-210.14076334315786
-271.7322887089339
-210.80130080353462
-123.57527391660057
-159.48562553650785
-134.32869785936302
-131.2810071697098
-59.6039259540078
-150.01983119355188
-271.39943697394153
-44.84139051269378
-116.84908945303955
-220.07395624547945
-98.83882948801424
-32.87502852277633
-55.89871719729174
-80.17838244724493
-149.7611829765409
-58.28917313996716
-220.98586461249795
-192.98137389426068
-25.850454859352553
-85.69646787717963
-165.44550354197176
-87.32572577050522
-77.30739431262683
-103.95724485336076
-91.95775934656345
-323.96804370658845
-327.2055148040413
-175.37503201327263
-88.17511902982811
-25.22123519715764
-211.06073920025875
-233.02904441912017
-56.26392689976347
-307.6978679917478
-106.54249871365695
-106.84466759503064
-35.98121726934802
-231.89500797614502
-102.77845094961627
-129.53661352739698
-137.2954635187736
-259.23519755623886
-45.27044744736506
-126.31287551693778
-99.60287470102585
-197.02977903599336
-184.02331858861686
-41.333390612509895
-10.3425686855974
-63.78301484580511
-86.78196729820833
-99.31225917149253
-90.15613443285034
-128.04820653124773
-97.00380004182183
-103.10349602825576
-97.53670244775118
-57.984189657447196
-279.8723722290184
-34.11695425729107
-71.56572627859632
-59.44541427530709
-261.01971116287496
-117.51479517310216
12.222725674676255
-95.2300207594824
47.9305998811881
1.3974118364858583
-39.76919257683406
-86.6911326358234
-225.08110176427513
10.370374062815927
-320.01491325353874
2.3459638796930022
-95.24489161865534
-72.49073622168153
-140.0390861402581
-195.3115008830713
-106.86994849786534
-23.862721988126623
-57.2858530456006
-73.01308121696874
-49.35169544175287
-83.08505848853918
-54.439879729412986
-138.77660292175653
-42.265474833032826
18.98212125358897
-48.65653898228505
-103.5890723460576
-388.0132397950732
-211.27550990149118
-296.79863847183196
-298.9245429558174
-22.457665775373073
-247.20980483954605
-27.921028828774908
-212.5407378830758
-139.84748121531317
-22.641687230895144
-230.8804117798665
-15.348276683338952
-82.388683103604
-70.97583977830303
-116.17899802025812
-5.535349997565405
-91.08654278054179
-23.34204999331743
-42.85281812931011
-60.01069483424442
57.424334688650276
-37.74001647827839
-224.54533358858617
-94.30694749355716
-54.187707532008545
-52.075085162187364
-1.9604865889674556
-254.11810586816395
-12.882186726039876
-51.72442715058524
-163.39454630127358
-120.79865151485576
-138.63054683617602
-266.561767417561
49.423393379753136
-11.44143699403341
-26.075097072806813
-63.78023393777589
-203.31945050908354
35.9401740827179
-30.633817123360203
-174.5560263393636
14.373536504707317
-61.82834527953197
-8.440109806589145
-225.69004040280402
-228.89875752765852
-39.69334905618834
-317.02751436408994
-21.017385225729
-34.3617891269528
-153.2979036093756
-85.40437212649641
-45.91027085095432
-18.961594581471672
-58.896205335918715
35.0720754401166
-234.96458092628524
-12.909187947163096
-174.5102899495232
-197.6076555831498
-31.965963559310662
-2.6372603615972325
-76.07193548607324
-28.39671313480066
-158.4260666963712
-77.98555217381313
-217.3565086933819
1.4723431999125864
-77.06307947123001
-110.25785532646287
-2.0013486614392093
-113.47271246496625
-9.747981876572851
27.90039892002656
-28.58715962291191
-62.26789607738414
-63.96080086209099
-94.21033112470096
-69.85656590918359
-133.7079644893847
8.960230150848874
-52.687200270342174
-344.883394709442
-26.63391427808477
-20.10910386988609
-35.495382167312364
-143.66408428918095
-82.56779999195183
-239.19352797010714
-213.27043304535522
-97.2334075339759
-131.69737184802278
-43.5604789878045
3.5811140951962397
-76.29958697197884
-39.487789690376516
-44.60194257247261
-6.887973844281561
-164.22409194360222
-183.51801155110937
-19.981449505411533
-40.84859273978867
-3.5773721337529394
-54.52194453151215
-80.9695841741489
-40.26478240239662
-40.38100145802157
-35.017524817620625
-219.06743167979528
-221.90416999431866
-83.33641187761265
75.40983447322543
-24.691590457735554
-25.414538119351924
1.9141901341724463
-39.08317062064051
-2.5179960927123517
-1.3782199631941574
-140.5958630172853
-73.69040109981516
-14.77554801322875
-25.519041062215155
-56.15396436331244
-64.53383069017237
-69.55472392140894
-129.85717788777694
-87.09267232190903
22.334320978687145
-32.47273502611775
-70.06697587363865
-183.42234216917987
-87.31635262487445
-193.60163164939422
-86.35834967535308
-143.6727071361845
-74.75436712994167
-146.39131256239725
-184.82988291544137
-9.397087164209765
6.405091437869706
-175.71395184386847
-21.085156223762045
-22.422620886898613
-50.82379991024202
-21.795267322818617
-170.70020500523248
-95.3434542052309
1.4387397304265794
-114.76700411340326
-92.80326429467907
-74.83819077481427
10.292172954826155
8.515774899588976
-278.7777402788422
-64.26827511021807
-65.50595988533128
-27.8003674528058
-200.93601894607104
-212.52828328104138
-190.23529224100622
-166.11833798453168
-48.14723833406947
-38.634980953220925
-234.44371967608274
-162.29281408219163
4.737276872556137
-131.51905186058033
-76.16122483204177
-13.399578182223706
-116.30820004805341
-82.00910363003156
-75.64250724684852
-29.570523386000204
-99.79285751974278
-187.3591439761908
-36.3876386185765
-269.6534798497054
-165.00496759219868
-24.58914547402213
-21.53105528471059
-53.750585542193434
-35.19833659956025
16.71865891095445
-148.35258334929443
-136.64131893724596
-43.84378963493923
-66.70196631771745
23.72685201022028
-12.361855316691972
-109.8754590821586
-4.571167795131899
-236.54594444411626
-171.16265204153817
15.255252934389242
-122.11985677444483
-24.509421147143414
-105.91399663798529
-85.19839632499738
-36.49778187758747
36.18039421461208
-175.03369126248145
-100.73596278907529
24.061651050007626
-170.59891348878375
-150.19886169135413
-102.76436199555667
-176.69449883139376
-296.0129786190348
-102.68990915838828
-112.59868525524219
-161.74977342670445
-41.98302847393854
-8.957359375030753
142.4681578168203
23.801558533740945
-196.98709597803736
-82.9086445150769
-78.70470433664389
5.643435295220229
-69.15285456242299
-70.05607477255457
-42.44305661959885
-40.82700708772573
14.939718259174072
-66.38174384557665
-142.7706192665083
-119.77736638115651
-10.315964843274198
-46.145801101163684
-82.39343115753024
-52.209940471393665
-90.58825239218962
-76.78049406823726
-57.129407051277155
-239.05417544539952
233.6164742625053
-98.25739418641967
28.11933707199312
-189.20245003112836
-151.7492195404244
-68.69917895576955
101.40534214221721
-1.8186714880081496
-55.562262098999184
-114.42915973577348
-118.26919065111261
-152.44873851680816
-101.57366909667518
-68.59768323141452
-46.96081550006386
-60.58389050360252
-55.07623266088704
-44.532263331184396
3.7799195993735566
-45.01326355407972
-88.96887898003234
-45.42331117057619
6.159433556829161
-75.3247123950527
-131.54562773979822
-231.66838946525522
-49.962917365564024
-47.5881600221546
-87.68021493152307
-84.85293952077424
-56.70774771258447
-173.32762642097302
-156.2845236708281
16.00249689746876
-45.26811962968655
-91.33888805333294
-133.73733206956155
-102.11944574172799
-76.9807762251079
-44.36753561091149
-212.24830239373046
-7.005831786605938
-87.4921777253693
-55.53456258085548
-7.067169451001976
-145.4943571015366
-82.85330930988819
-51.617321154665646
-82.62228714675501
-45.89103171772368
-195.10005846315883
-69.95834218088294
-132.55627768625578
-129.6297520327918
-123.53223384932052
11.166367610202954
-183.1948544419247
-211.87412607254487
-172.61171222959626
-202.012394717577
-130.40761885394878
-142.4458912962203
-183.2863060114525
-215.8335907571939
-89.55560661732264
-165.98962432197004
-24.544680408106387
-216.9788369573046
-119.98778465678271
-83.07275776955714
-193.7809014846543
-120.68166090320284
-231.62302294866222
-61.928278299591284
-244.63084396431805
-208.2939758567882
-104.55380779144778
272.2253833033978
-44.71788387127971
-138.0421750933005
-143.78379482170882
-244.975250249954
-16.98322428030576
-231.71269946509352
-114.36740298584822
-136.82340033277194
-166.22818788086926
-132.45937630983195
-88.45410259316102
-221.16288936433102
-223.95661413819306
24.255596953466124
-38.95524961706877
-165.095583156183
46.10398244616824
-203.7356151578605
20.200451474018493
-126.3391412352072
-180.80294801101252
294.8200202590022
-163.48747706622459
228.89130170442394
155.6384938755676
-175.32131223320334
-202.71052021410742
-172.49245738124284
215.4487449201038
-119.77015699166668
-130.7778179167194
264.51801843253673
-169.6425319869594
-141.8261843347229
-70.99288544652414
-157.4469869892328
-183.82943457458725
-121.89258230481386
-51.877906757912065
-106.4010357561086
-133.80492150393738
-10.116521220370785
-137.08722787368256
-176.12849071132155
145.05874342629068
-165.3809054861295
-214.92942910504485
-262.5651361613451
-176.61401320077476
-27.90119850613079
-119.98877278341115
14.959089378278293
-91.16053737865073
178.54829870002672
-133.47924945649254
280.1779462049195
-263.0102067918655
-179.85074609260255
262.26591710400714
-136.42616504362076
-192.4765054862716
-98.55546797586877
-219.25527139408584
-212.9136992445453
265.49875753202184
-145.91473379947837
-45.82299536912629
-221.87307262645984
-102.42884031073325
-171.01644376901066
-209.00146422304095
214.8951972406112
-124.68983358985682
-240.9743898202751
-223.20477415735274
-54.28945509905438
-190.90809996944012
-239.58167065694224
-138.74072420028335
-187.2243597527355
-198.37796424352004
-170.60341242807175
189.26530807737925
182.8604551197855
-264.3804741836947
-3.732976723844999
-167.17595699897151
-140.32731052221635
-79.27563758421648
-231.49264614635754
-136.79859749510553
-179.4817505260609
-203.64627550501632
-198.97082324148778
254.0789033958461
27.85466011141918
-193.21280765512861
-177.8123889949221
295.2909114187009
-143.3846939050454
214.5194750156316
-159.32305583243098
-16.312112970944426
-115.25210812101604
2.708735251952902
-266.31187752658366
-54.81544765739837
-82.84254060278461
196.76551097261753
191.5527839267207
-15.699875052038479
-27.385096602483458
-63.195284883852764
273.0043382142712
-161.2123131420921
-230.0841059833173
252.4731020560519
-44.43462756409815
-37.79677908774569
-283.0143010308973
140.4253779885636
210.4159078241873
-233.22019634045046
-501.1048608395044
240.7476017982006
215.60348902740498
-230.57049643354597
2.3514834066987076
253.91271484537384
204.61796057006438
255.6184947542289
211.55050522056214
-152.69732943668862
-31.478674987582064
-135.66906435710837
264.9827598195344
259.7202166987586
201.46002965921923
261.29320387258883
247.24843256197184
-80.26096134180197
-247.9773175574343
-77.70202591869915
-132.24561023813337
294.9457013694839
189.6631352704522
199.1704235256865
-4.770712908834113
206.46892862919586
133.52281235131215
-68.1556428243895
282.65413372595094
286.7215746435023
20.15679057360171
185.90616433648353
-35.47940277880804
-171.73579906183494
-71.24995504363115
-92.35232912490262
204.33736561023812
39.18526817495495
-78.6486761279324
185.29594310059235
215.59136461218012
22.643564079499242
262.32874343616913
-204.55585372121135
225.82498987837246
161.82679603259209
160.99313988839157
208.73979940728236
-113.19584356296745
259.92993240529404
13.090601453338607
-206.823920304333
267.3468102340852
-69.46915022586649
213.65049679956329
208.1190496647294
13.831722879179788
95.96813432432252
-100.25708869391404
-48.02414977290753
0.5988807223076549
231.77472538932307
-141.97686060701284
26.972086292590156
258.60754391136794
-34.23055210714598
207.7182619743408
127.36801969357322
268.8286468747299
-41.554130484184995
-18.759440421071915
215.46712064165735
195.7080223395947
-194.56804220244928
230.7580365001414
200.80586380923867
0.30878796998716407
-39.7213037072867
229.8329355814127
186.56360452661653
-45.85717973722292
59.5517641831606
-51.189227329934425
95.79248551431392
-10.082295386211738
219.86038933179663
189.60608948651827
204.87050619014198
242.27781653104995
-112.8580976317514
186.48868590347314
282.81293860442855
138.43883120701616
127.31921029115105
-40.21560525465184
-121.20783911670752
219.80778366812368
-54.85101023357003
202.5102060893028
-94.57329759679037
175.41905780475724
-24.881449893011307
248.76275546764668
256.20999771107375
217.3089061466386
192.8293270899311
-57.07561505399991
-6.16765673172154
190.29570166773317
248.17015934060592
16.756501826683106
-85.33580193707532
-157.50436560700584
287.74250757533576
245.2695919304834
-35.619745082946906
273.7040896294516
245.7013418642917
256.5968516432208
249.11672302380734
228.62531585540432
197.30400553579273
137.68084126318487
258.4504918292829
278.96912584410813
-28.767114984623532
-45.72823812703801
302.9146518608008
-58.29027461042121
-20.067605640798337
187.56203109961012
128.89806791664842
195.04606205149514
306.7997142105276
283.92715286175167
21.946583427680096
141.7939288917228
245.66008275346786
260.1362977673982
55.39198846084662
-61.26732857273442
-17.12088671369088
285.1735274174088
-110.36336252552769
140.62780444546843
248.47249468191893
140.27830042728726
217.3939010240913
258.86183423212674
219.9162280875905
198.7406536490031
-160.35441673157894
258.5723459480391
-11.339802009014647
232.27743213935966
63.61767106165985
229.80420072544032
225.58329887998698
237.34287352121822
231.71573469087605
1.5023652948072765
60.38442471615255
-51.96315386634252
216.13110612471598
294.9516547925135
-342.0649146363278
252.69926037775815
-36.730640484360336
227.59372023104123
278.79658581228546
276.9230315084235
-144.86295001343
205.56950697652388
-95.57231358257678
6.588622977938887
-94.25110228053687
255.5049949963043
262.9612592112384
202.45997220485145
222.97575603519266
262.2078892166177
249.0703625722688
252.44114444899733
169.03791916419524
161.16486312170787
207.20854583149736
-189.04235131779143
-58.393394805185316
186.53122668825887
149.50985754702964
-228.70857165242964
175.8544912695752
240.11489419140338
169.4766977328353
-70.73385312170109
-71.53521924136477
222.24133085156055
261.5808632681419
-55.05726129537037
206.5419074321756
54.69291113866699
-52.47147850244074
248.7665599819855
117.6865482458163
-59.95821823617108
203.72436045582896
60.8654407115657
151.09074633364764
290.78952671100046
-22.9053670686952
-35.82559360385987
214.5007513789076
236.02902067994594
-229.9210998817602
226.13843963628042
269.61451451356936
184.92435090902833
231.0935036145204
241.53512942161433
-55.269502625491
245.53812477677613
-107.85794206555953
253.87056147472828
260.34579311899523
229.2627690289424
109.92544292618625
217.15051252004758
247.4268617310887
271.0259742865642
249.5559804078624
263.12995701439604
249.67924896739495
212.01228704757497
268.62075508329906
204.59964238461788
262.2305597467456
-15.274347579702823
174.11599081106073
244.68370589696033
257.8513129867888
-46.82386109083554
278.4930414483698
256.28635317345993
298.63729842040163
163.12642742850647
229.2699186615962
242.90540260902264
210.5333425219585
208.6478507809909
250.89979642477863
245.71794213612787
234.75833148550703
194.63481140622633
234.96195007422799
246.13817727540592
218.78839083288688
217.4721170008625
-2.359902873480806
252.43641024365138
229.50386187128774
261.96154695606936
222.57953899527692
250.3477028941735
276.31360788185975
223.13078096649326
265.8107102544218
300.6554625966472
-29.904020081404013
204.6282010659237
255.4624451235045
-96.84618716627077
-3.6884581205771667
309.0293439482463
234.64394065342748
222.24147951251936
270.4760651445459
210.47914582172575
-9.980383752779659
203.91590806870656
-116.62929500613166
-67.0331462555292
234.06475231947906
257.5979878946387
234.3475720556514
227.2001225380339
10.180923241305237
-49.028426237842964
267.63057284660886
17.539614880655066
98.53542841843554
-240.66486405951102
-33.794941012221386
-67.64413922745308
263.3931458414104
197.21429637859785
-105.83651423652482
226.89581508896603
224.02368053971531
240.856928402163
67.62421851639614
219.03369310555735
238.7450739004256
239.73595274222714
-80.75490684005689
291.7077597361068
-182.26845164124484
219.6197858118424
184.52925425224555
174.59781665974072
272.7865988788503
21.118306293625736
-125.88243957919283
229.01605281590292
239.51673599641563
11.389530983823036
9.91875612342661
255.3430572311436
-198.81149395755102
248.63345140700062
130.01988541277103
147.68350799313924
-31.323034055384127
246.47336601757596
48.567752902193476
228.4833204329587
-79.12420925619391
-60.2651074568078
180.31730753335262
252.2385340582499
279.8102838052225
267.57688159523764
-85.18518608587999
220.1043693309386
-21.451873927792803
245.81861770912028
284.0112120952424
203.13646985399296
209.23710626926976
253.75773048903852
-8.817595895557247
259.7538234245868
258.82063083879063
270.05866439469196
257.49772170892913
206.95106626488126
250.917423235208
266.22432400964783
274.33233653281235
272.67656935840165
225.7919511949733
287.63409112400245
-147.74247227649082
191.34235680440563
58.41353630198719
230.51752283257736
-31.937274337003288
114.39372089317382
240.03778250021708
233.57444369888083
256.48964378239555
278.8790041289296
234.09304097523216
32.978115319978144
10.080137996264057
234.1743238259471
286.3375632471789
116.99799387965513
-159.4705450566526
151.88317058870072
263.05859681497435
192.18379814676211
241.13761488799778
99.81753780936809
193.63157456368475
-189.46963109231507
254.37143880250116
209.06122833202647
219.32783754774206
273.644027338419
49.64561716857071
292.5005986599425
245.28265781182427
271.45356631319316
217.49148705587027
-58.427614928423154
226.09510768367323
264.8384497157611
231.99378135187652
256.2529059268881
270.3998433657621
-328.052602638656
-62.46371236396746
210.65581604870738
190.61040519956657
164.88501213354476
14.997944099561195
244.60342043819827
252.19922144783453
224.74738435545976
28.34756948609956
214.17736119851975
281.1875578967597
270.33037649643865
