-240.27441531524187
-244.32306177083422
-658.681453343401
-67.69974651846638
-330.88383891160834
-295.0182906379578
-73.46235995637264
-354.47962755610274
-352.3838222263179
-336.69241097723904
-96.46312025683613
-151.46009277473883
-463.6009341600829
-135.38873902820933
-404.0222911555788
-232.87061686092366
-186.2481490066015
-371.6645317935993
-288.38752058515706
-590.504539779465
-257.0946769286039
-62.449986591853516
-161.6217706677508
-334.3374670169367
-272.0653557678981
-91.65604039554091
-316.7293339241942
-188.46010149964184
-82.12546561414541
-44.2751451136522
-198.28333113673608
-252.611540972444
-165.5057869086101
-344.1003788998236
-167.00400241563088
-221.028396819315
-182.83587353182511
-235.0532223577463
-88.06406257891835
-65.71767188729497
-330.4268957663792
-242.62390855911278
-312.7236222277527
-339.8332991229207
-82.81303736461297
-235.42279299801908
-317.6029584977448
-572.4244780981131
-290.29720016518047
-101.43642459862103
-21.14279888067574
-206.38925268545708
-436.88227821320845
-142.2119323684833
-89.48220498435802
-288.12848192767933
-254.94021235536908
-159.77470314910784
-213.66064363631483
-211.01803515584166
-57.37422521293237
-107.93883607341095
-202.20292062235325
-207.43774238206458
-77.01259981930647
-190.9758110083513
-145.02976504146517
-330.33502433029514
-144.5341384485342
-14.988979547494722
-232.56035917544688
-414.27927897725465
-322.13301122897315
-160.68695344207646
-29.653096742975862
-180.74235530865258
-82.20639421980135
62.69918431723437
-156.9858746328556
-69.84506607019773
-211.36646569510492
-197.91890244040854
-21.04381459791982
-213.55665831817788
-172.71587764257865
-177.38237751603748
-420.45930494456707
-79.00455034906251
-189.40165130208402
-283.9808886622127
-152.39275337788962
-110.22114899663484
-59.0838969758002
-254.34725976085804
-64.38011279115196
-152.75352496706319
-83.58946880873586
-95.2890996688957
-238.54990727520098
-424.6718904414519
-73.2761728744851
-67.4547993935343
-137.00760962415077
-269.29004743306314
-134.42426279251674
-125.66894472957203
-236.1316942232306
-246.79221267532796
35.78045407762437
-154.9632220724213
-225.1051429956968
-425.2227667138935
39.73257395189941
-100.46708969087963
-501.6998491524193
-247.6354335711212
-322.52199095142856
-136.8931745848168
-145.19452069426436
-169.6982105007128
-45.69584375297069
-46.51437480522182
-37.10002394649061
-108.89829098319392
32.3555356289489
-200.37760774236887
-95.65309720884366
-159.83042092350604
-347.26911379054263
-185.56427527153625
-300.7468130021863
-26.685076742976435
-147.8922756310565
-66.3910271184083
-289.57876124610596
19.05188317201572
-272.6304676044408
-134.81204031013135
-183.15850419109086
-141.95872357684993
-166.10050135877353
-82.1703610584553
-165.6437908045918
-100.68355015107893
-102.74799827135062
-146.46362782520023
-96.33033098901048
-90.67224085704981
-143.4224342814675
-75.49546412222205
-92.39088835027334
-142.1604490484499
-283.8580622657171
-266.3661136474968
-283.6700031203198
-29.14211192091159
-209.24991904668582
-219.514633089823
-36.78131701667424
-427.35792770743916
-210.60136816210792
24.4184882146064
-131.59325801164056
-122.54256328317939
-153.72059732351065
-95.6419106530273
-63.95847147623863
-250.79378326018283
-131.75742624160378
-101.81557901895002
36.53743900959745
-202.31582734764652
-143.4571767799637
-72.05145432279312
-109.84188915775087
-151.73653087939746
-174.97835695461788
-140.72633941902313
-107.43625367552721
-112.0340082308887
28.905480231352186
-91.62454355413942
-56.91576172640651
-148.19034128713304
-10.118742683759379
-161.90451793308767
-346.0854768008791
-221.95744588146744
-165.5832665340223
-48.64236745734732
-157.38124164953786
-65.8351647788936
-85.66856639253835
-347.47277801709976
-79.34075013857705
-63.85831520158431
-95.53464594183245
-164.4235602211357
-84.08271767461252
22.79144153774301
-328.7814105814515
-144.55755028594282
-136.89184448725464
-149.2766490327353
-81.19745673443774
-161.12492762587343
-79.77160996753628
-180.15140726839013
-184.69434658627372
-55.68020651930742
-213.04502753365662
-92.09191261315388
-122.12804833792349
-36.81210527376022
-125.34903581835832
-82.79790606968945
-115.48482174141472
-61.063594150157726
-248.1210880650159
8.902917432141564
-196.80258407135807
-36.98380593200166
-50.48086704120365
-209.42964251927168
-147.10622712222118
-65.75933393672895
-332.9582929697967
-60.91056916342016
-229.55883422316623
-210.8591861615663
-329.9191333432108
-96.44566217252323
-8.071248768684583
-109.01639955502444
-54.11482208328316
-55.42645505069825
-134.06601413048264
-163.04506685466725
-61.61532481021409
-203.0348536563104
-3.564538874275641
-17.71166485240056
-20.379367542769288
-201.55487981804563
-226.00698172199282
-102.43772697965473
-241.5498507017729
-278.1363467036862
-167.9456851054506
-38.57292211801432
-23.377126675710628
-78.6592302036492
-225.90096519873654
-66.5623090720436
-175.45867932833136
-56.71191260793006
-162.3193479864135
-79.82515702661217
-312.6552321991147
-235.22169064169873
-188.55644123117156
-214.6297810536165
-213.56145138349743
-223.48559643687864
-129.54996303145643
-71.69008388063801
-171.67429638885886
-50.862107307094206
-198.15502215232362
-199.43819724836536
-38.07994455467713
-132.60412159721702
-23.326158902881474
-49.465601847159604
-216.52460741182585
-143.80744100402035
-158.7690534497248
-332.73961405366185
-173.23123943590306
-55.17411226608739
-169.36288888597437
-78.38719033375911
-87.12827153724491
-172.21851414753107
-70.48135034124306
-194.77345296092219
-117.01958699731978
-181.37701052431325
-270.8642706232316
-230.5537234127014
-117.66249919792303
43.15725119527366
-20.49585912736005
-91.37499090389724
-29.765898643813856
-214.96973160179436
-50.69851134280481
33.26996984748533
-27.103530198070388
-49.88947152572402
-72.12535277769389
-15.654644010414472
-125.12157827742348
-188.87308431981216
-155.12799799124537
-94.89401055237772
-374.5231606342926
-236.2325959332476
-109.33296814053281
-133.91480696650189
-104.12880405334032
-64.77679042737111
-106.36912652665293
-223.50347870922067
-346.194982353628
-169.14561252376654
-64.99743159079055
-141.6717044532632
-87.700207251737
-159.6196242183036
-207.91402520953443
-193.40654432410236
-205.70203564874393
-60.5841480515587
26.768951006608958
-136.0106269408509
-98.74744937401404
-217.9977324107632
-129.83886732392224
-34.106392676979326
-265.16217103788676
-369.60959591392924
-51.16518508881478
-132.87596896413987
-283.0231411184375
3.7211805465064307
-185.0794677348053
-79.19311553231587
-107.44771977299303
-279.90183619345373
-70.10419455609107
-86.30837508268394
-133.22713921411344
-247.42021597016094
-192.83275595442456
-24.9894860201357
-165.7614074221365
-281.692541803758
-181.42747190838355
-206.36639750039257
-29.778225217806167
-194.35131849733773
-357.3522380913766
-73.55667073224484
-118.43531510512604
-233.70692511417627
-76.42385436563319
-106.3923986302664
-15.180499671659987
-39.974504210179234
-129.04220065556177
-117.98273582343072
-171.75621845860093
-73.87930408396689
-307.85369301712956
9.975670938539125
-60.90325832006745
-245.87236054125592
-61.98767715624119
-132.7944331952267
-185.1476709215932
-164.8649783374854
-120.85342879977833
-54.86661093252428
-54.988716800663084
-201.3732686300212
18.796376634526723
-270.4152902250113
-181.41419374599116
-36.041778113532956
-69.54348115203643
-24.995237493697033
-264.97103427624927
-218.97918097028358
-172.31071485551286
-212.31530274908312
-41.4951568905483
-146.37928823209754
127.4863876273177
-72.24840431035597
-360.64922380947655
-198.7090526778489
-101.57571543760461
-16.188436141588056
170.0408686304515
-28.791455539282676
-131.05125682114132
14.769004525121133
17.19249179359194
-63.42770713251217
-319.5375576820608
26.318975269659873
-167.43183572671848
-244.5905098230515
-102.8687088707448
-305.24088033506166
-52.19944453613678
-40.56091983167629
4.775721127085163
-251.85630439555663
-128.76509948268102
-102.24548726689288
-161.6365023276552
-284.8429258326015
-118.54667071948174
3.6541482462831825
-123.12057864702699
36.698147679986505
-58.216246846975494
-85.52285709810363
-78.75508731829416
-59.05669884570285
-39.497271107930146
120.92401974335748
-43.383984586794995
-27.611420117204872
-127.26608141132866
-143.9193481636514
-117.24835920618582
-177.50708090485656
-94.75235715611682
-35.198883291860994
-149.82063263219493
-13.929700730852517
-99.51364681398985
-63.51633751870757
-34.52305339758962
-47.118129865773
-67.91297907147995
220.30172872835783
242.63994586944236
-142.61188825337936
-82.07609175192788
90.29621121661206
35.9657731052591
-190.50640975937196
-278.7249813678138
-286.54264336000034
-100.24290247293187
-290.2553948699825
199.26727101179773
227.9408581052051
-339.3696688458431
-142.27049392659933
-325.4809192225509
-182.7904490707112
205.35452723429364
99.9275907001466
-212.3672180387573
72.45847126042385
-331.5556792581686
119.32084237332485
244.29403719941263
-219.36512767420538
158.15704859484032
54.42909902916941
-1114.5512893529558
-100.5735943072859
-84.90212968415403
-80.21432398084156
151.79641923829595
-215.30601671534583
-154.65307342707442
15.017253914956882
43.73989308192934
-292.54740220716064
217.23877028567898
198.28483671638173
-46.78245371653168
206.12524217065385
232.9497916992414
-89.61873241508897
-234.8416101810216
-154.06660893365017
151.04174817979836
-245.81742588767412
-23.016876613304973
-153.40682226819774
202.53747793515396
-101.7044416193337
-201.69411076582838
-200.75399417967242
-132.95732961605535
-46.15271874613845
-0.23479461629992215
232.40417793270143
95.28895815543972
-125.92229657965417
-86.42416475629254
-161.16505861568194
134.70194405533343
129.8265523118923
-164.04747374515688
-182.23954098281263
-75.38913835739933
-110.5280566315144
3.2356729802414286
-45.05512213390432
-120.79344133205386
124.55400995323886
-49.83056101832145
170.05462152049216
-60.6641765572742
-189.410707849061
151.53123390722857
-152.60343634741497
-130.96478982428584
-226.55588153219136
-224.23495238580546
-26.916759270329152
-69.03806268884466
225.13782057582725
-242.5520514053449
-152.79841629488413
134.71590826032573
124.91488076759704
23.361055490971097
142.65483917932605
224.65350851516783
190.53575728837308
-163.60539474192993
-259.0161303160396
-234.04765062625262
84.44356091101953
42.99480925109468
234.61644254028386
239.63645549007146
-56.81394042573992
157.2162165495451
112.02295343005542
-19.656820842196424
-140.575036079397
106.07456571519656
268.0070610284157
-195.54311696557113
-174.843022270517
-48.53964465121758
-83.91342781374162
-101.21311035801466
99.77465117689522
-10.44484499368258
-17.27716012091011
-222.18806756127873
231.07055763755423
-378.2601542120914
28.368674906009915
-147.90526014506838
-102.81166605312303
-113.73954951166363
129.96484913199671
-52.715986749249794
-13.121186159727799
187.77857017558097
-293.07579119187056
116.16953441708586
-118.29659221657577
174.71669450418977
126.71290719462405
-15.210476276707297
-170.55616192057624
-198.1968592733826
-115.45719126793814
9.282103077054586
-250.09171912685235
-0.9488235605495845
-202.41519439664611
-24.920467881321272
-21.714821705374234
-483.0271938294387
-174.4579620813738
-62.47261343655403
-283.3236877180151
94.46884390637925
-43.906881187445876
-92.41660915406325
-236.74573122381256
235.36917773601743
16.308096949208448
101.24371950244546
-290.225271731789
-93.42521304637964
247.2769300399949
-46.31882461061187
247.06207830537073
21.760220085747306
248.10529490550627
-102.33550111653851
-34.155967944585356
234.57238820244802
-70.19230205446641
-106.93419788185032
221.93201339098266
-40.69059703861852
-43.87781331728894
-107.5885671888401
-122.34650698407873
132.87252970961447
142.8292510229245
13.863837171489905
202.47785197624097
222.91754102813672
-12.194601431194513
85.49095581033725
-22.89931927550664
-272.33538808115134
-61.944323613106704
-68.48713037770804
-232.80463189759828
-365.04446957318436
166.8872136728017
-194.719008464256
-188.9418689337387
-93.92591368567956
172.34539600708197
170.6005566096834
-201.2951185730169
-46.161742217641304
-85.23694275024113
-26.18100551923706
35.754178302068226
-121.00330658225727
27.30283508983794
-51.47059347582557
181.67904850607383
22.495536638981577
-242.90919191719428
-16.13781813096749
-168.44532263277736
43.18944000728919
-232.13929551062057
138.19979929788695
-171.90337692473975
132.8150835171185
-109.57888599382902
-182.51109764590504
-264.8649098474541
-50.72559352479968
251.42092124356293
-237.74429647806286
-5.810281911173252
33.11487202737959
227.06351241375728
296.4125646136941
-7.151022543104332
129.06191400216474
-48.72312370639658
-148.2196191700162
74.25638692715046
-119.07524159883745
-39.60774417081876
-233.00187462770594
269.97961000138065
-238.5788257304104
218.7044473901134
-211.3354566146918
7.861555062609909
239.32733681518158
-182.27033959060498
212.98003192613402
-184.12930087663452
-17.62957166043195
243.00678647962184
-145.151718996245
-206.529564705853
-84.84389175536869
-27.098305461042955
-36.80504363057446
-74.44679621809614
-299.7632979757669
-72.26727305765098
-150.82916043297104
-16.658202607098247
-125.7829630338444
-159.40031316368197
9.641268536230854
-151.96187205041616
279.571546510287
-55.57222666989318
-135.79543692294985
199.41578217336053
-244.9183204596814
-131.44551638875834
77.35846952994478
33.764695681451514
-363.0041899105721
-90.88019927468378
-95.66252992871318
56.72939519796504
-178.32198710903617
-235.195713390188
-72.86922009406253
22.581617826017098
-247.10537510246897
216.03045416162018
-69.12623234780938
-224.28051398211915
64.48197439148952
182.07837254142467
-44.26947685178868
-28.976083699889003
-195.08158515751205
-229.78589219279513
-110.37042581413137
146.44995582694818
-271.4010338702217
272.01688281529226
-180.17835457056225
198.93205602500277
-28.768277080978795
-142.53281145976962
62.34280397388749
-247.39783459554897
-23.734571692251947
-226.97497492932382
73.6232316081054
-90.6745488704301
90.35201550161567
54.04156384601216
192.70415322195026
226.16010012726312
288.2926176883549
-71.35838619860097
-255.5296992570644
-80.05762300038528
-11.69819079396791
29.46755064100398
232.07148024761273
-27.411957261315507
-29.3559112445637
9.450942091393586
-215.16984512159166
194.41647339113567
232.4915458093154
108.3063501315435
-102.0453005630616
-90.38906381895093
-129.60808261799704
-37.02570118027133
-122.09886540359071
-237.03048298868472
-241.32851429205954
-398.6275837369922
144.30382210026772
50.391832677463064
269.7743069078336
148.71124396358698
-64.6283672286141
-249.2029310980361
59.52696734989581
-40.88391155464944
122.24048122445704
-231.61443144390407
270.33512113529775
-175.9921572084126
-160.80966641242452
-113.30174993296276
87.27324017320846
44.92072473822588
-124.10773903825086
152.97564502014689
91.18398519845968
-87.20130348449064
207.84723226219586
-166.12027291678635
-197.56007294164914
-40.992529581270574
-292.16580743532967
-106.30270833839522
-20.287811566181404
-291.8615289292076
230.94867728299909
168.84226164478525
-53.00275513475006
-248.13460718619967
-148.92353039472022
-0.18606567512972738
22.32971280719103
113.55172742176815
-168.43137068668898
29.634284659806447
-164.50059077083347
149.51712361403406
-55.5749151436642
38.65635899857179
-120.68719519717347
97.38611984988029
-263.3703809430251
-176.3557041178883
264.5964555424811
-70.39356109689946
-15.929675875387233
-32.40719275215318
-61.604438056942726
-106.60631061907857
123.48491183134696
-227.9943733865848
-15.58675956415982
-261.37189931358546
42.13373752607072
66.18706633762233
-99.7618688560405
-88.32339661526933
-165.46670313041102
259.62559161109425
243.7676957800403
80.33199258473942
-39.8662679202332
101.03014010677285
63.76283041608807
-105.33003423536587
114.7880460536841
-6.209735742220445
-43.47760340135062
-144.39346177615712
-165.3443668865147
-127.29206292830445
-131.01529774719455
245.15396010697805
244.36906456080848
83.20648684839377
-79.73820439919068
24.705544259783156
-104.37778563613739
-57.32697490410547
-76.27345472286476
268.01245046195714
197.35397243526847
-144.3116199808582
-93.41741014324487
259.8306476969875
-21.430301042849067
248.52666353834118
-258.6507560455651
-117.12934943267956
-74.19554169469168
-99.4708232948091
-267.7499570238715
-31.864778026932868
-150.21377352442028
-31.746893268013466
242.04311857011555
266.65299919953435
-21.40448678188517
-419.1175257013032
-174.1723554968379
136.67076846956115
156.14500305696384
98.874904455868
20.425225683244477
-174.33036537156227
-212.67275707475426
-55.368182459547455
-57.8041008108499
197.1718847417602
-136.14987928778405
-109.8036718863112
126.76509399533127
-58.20106848815274
200.87504750030712
239.93250764328383
289.93062289787593
-251.6832875145013
-73.84886923138491
-233.69868602403426
-141.27355868689972
-319.54350201053694
-298.97425895421964
214.16028374155138
-102.58718907437279
129.36688608809163
-55.85586999587281
230.54058494779588
-38.282419813385545
198.2694519661415
-208.10443103109722
-68.5228055134175
-74.76751578221058
8.22694209673773
-43.39012917534986
-256.8512109819367
-239.52890586614504
47.9252811102769
-144.67709248845267
183.08387845472456
263.3522531801734
-37.72760136096471
-75.47823408171897
232.87242601838145
-199.13800957259122
244.1897297529475
60.782450071015575
208.96956598106044
264.49251798467424
243.59093841406187
136.8239016899032
-218.6842343732581
54.44621641261074
-268.4312401449193
-157.99694395689403
90.37284821306457
213.5958587140035
-89.91915223062504
11.303740492878958
-2.3523190592762404
-153.72724340526185
-164.85970817955248
-142.14502637857657
-153.77367168250157
28.684829626950744
8.425208081985147
-104.34559794429447
94.14985783186323
-133.16359438542906
-46.62311788358184
-160.73197711196224
161.71288240765517
-0.7996421722308185
-102.2929087163947
-81.05444591832183
-168.3449404539486
-34.50109988268001
47.65152474664791
93.19078112459248
-171.8106084008156
-173.61135322452662
234.28633515873005
-29.362266076392373
-182.09283000079319
258.60879423291794
-44.42360443408492
-174.7473631025311
-180.65931103066657
-62.86636871696332
-182.44580917503663
-587.3014626134866
-4.914100686000154
-352.3048953015748
-201.75114321968786
-94.8304839715863
-77.73241035087047
262.48258886462605
-145.22176204099
-14.97168632055019
-205.26047954410575
-80.12654407456634
-117.26155040514908
166.95360234583586
15.566406332684139
239.99280968345832
-193.81472425469912
-91.92321054772783
233.40723121644817
-123.37689141048386
200.30067027457847
-69.70915108974002
237.68234277856556
190.3752210787702
65.44176504636448
67.6515754079143
224.78600858225104
287.23535048734936
206.82878935994248
140.89435945152485
-68.7559907130164
225.98601939951186
-67.00897661379854
288.88369671196494
-8.595901171737367
-202.71854147720344
-13.984780702335712
-115.29850370993213
239.58300565001832
-117.77503600068633
264.25819768055914
-0.006926471134264034
18.696658117283334
179.98543674735816
-32.22258323385094
8.589945715538263
-132.53286677289543
133.1140959024852
-75.32519426361137
7.656999050730533
-27.989943094512682
-119.67154673875112
202.70147957207962
-156.0017108290701
-278.35272847866963
241.772899089983
-329.9487898410239
