-365.8672623893194
-31.59410423223757
-277.83309460207147
-167.68713293268146
-41.936943421612
-111.59092509986472
-364.43444862163506
-69.02759585349708
-193.6712225664268
-124.1149732106693
-389.5491586854017
-354.5960615844101
-58.315978397895485
-105.4931753694815
-655.8298421374534
-279.7917447248867
-26.073378117039752
-137.76449203850757
-277.21999142638526
-314.40407866699775
-35.74468109981804
-353.97365489357566
-274.52279329048247
-216.69793829821236
-95.7141209677491
-147.90623290303841
-291.97787840614274
-374.9100492969981
-302.1158147683728
-323.7255815954528
-286.33369693801853
-228.95662505320945
-269.02307931666707
-121.39631135355945
-333.35570395762653
-342.75688305439064
-179.8860289884555
-237.92597163324828
-439.04139081343584
-229.76932057336836
-232.57149358092732
-150.65731016884854
-229.93742673333148
-85.95345757632582
-60.22417616765235
-63.87351784006262
-102.45494483090624
-153.52785938721848
-289.508052533605
-135.19292824038172
-283.2755048510643
-169.1848151136516
-267.8643536738649
-129.81166415406943
-184.3953976534679
-60.32371891974512
-323.5411039609114
-93.38814274224437
-155.25612260920832
-59.310643640437505
-253.28544236572574
-220.82151041370236
-56.850728049883784
-173.940791107729
-155.1342573557999
-75.59278912196963
-363.59956101065336
-100.00252828245462
-216.42860635370926
-236.03340257593624
-320.01270664074605
-238.7408356399661
-156.88958826592471
-501.4168283661134
-198.54794400062337
-174.8773168240017
-122.90195077938662
-103.73880076831574
-274.37525046915175
-48.004354771030066
-124.37116853371262
-310.4397042535371
-220.3312671385415
-163.77554563374792
-43.21311729346245
-80.20703421041387
-298.7767303646411
-261.7520875374739
-111.81782155738972
-107.88107886916764
-214.59261698038202
-184.91800708580905
-216.3542137930142
-291.9930624350755
-289.569356188029
-198.99262379939702
5.125412023271323
-141.42678360304052
-82.92360002275268
-269.15915153196494
-12.89577935437319
-87.78927703292989
-135.21621231973432
-5.564093570993933
0.3855008510205664
-96.18120434838092
-118.28409184874431
-99.97651404940159
-304.01550899649646
-327.29369809846287
-226.3953103499932
-32.620566891242746
-79.0796300004684
-357.9597577658848
-124.37322708282935
-178.55099378525358
-69.16675777355832
-148.04860023307901
-165.8077816369916
-154.49774949850783
-111.45869797855802
-181.16490125785322
-64.52928733167839
-305.9271284040243
-386.59794514774705
-123.93632747123425
-106.9971656065703
-136.83039687664228
-292.9350800241073
-90.14609007403128
-103.90542921308908
58.44870831609305
-96.16542789001929
-64.37751619941761
-199.56861496294655
-257.00753705971385
-59.1813068945836
-55.720616872783836
-3.008382933822716
-108.00240696420582
-322.31563409976695
-48.228423524567525
-61.781096440321946
-212.5279961145843
-55.17111311720845
-215.54257542950538
-131.28565277419565
-285.68324342768904
-197.62917942662722
-116.47709724345034
-76.06648769788362
-141.5578406470337
-69.37966614153163
-233.54801529714695
-26.192908614487663
-172.95759026254308
-31.172510143491323
-308.4331714039846
-77.7765576427829
-125.00585478656964
-104.11362164520853
-191.8150339416993
-46.785768276996755
15.750503903384086
-292.545665558021
-30.55544108821168
-43.30325868783518
-113.52686006845934
-218.58140483731543
-18.820302836571898
-68.84458647867612
79.31741394439194
-96.88165883718847
-107.876217605014
-209.69767207747572
-33.360482432021996
-118.58708080641401
-192.25155704221652
-269.59352375228445
-296.38029237410126
-47.157626474264575
-67.40214506489717
26.259248213506623
-52.605433838315605
-81.06313377991705
-81.52593863800713
-158.75184596284174
-158.3821008473469
-174.39095016507812
-57.788983463512295
15.889985128225916
-106.33405121508684
-106.85655068469977
-40.9770502132586
-192.03872089130692
-125.40179418529931
-316.301028539099
-246.0628791924987
-262.7502366682185
-76.9044585055108
-164.24225515081184
-181.9730534779943
-250.5039186053201
-53.5120426678337
-186.08040743110683
-28.59538768322392
-304.5693718802137
-151.91725871880635
6.137780678777773
-169.72199364326917
-319.7918322258604
-61.84325737176296
-130.61414064501915
-278.53592730606033
-148.74779750749084
-217.4373765419007
-88.15302820128882
-143.82682453024128
-12.976675798546395
-85.64922902464333
5.572450161735148
-112.36200407755614
-172.76179969422998
53.00369228121346
-334.6802576310072
-40.55196808559735
-216.24673896876953
-189.3410883405402
-320.8328079957888
-59.833682668472235
-103.62146313004632
1.7246762280846042
-8.318314567377115
-159.6515430056779
-199.0186230208326
-34.25057589511782
-97.9898411567221
24.637169791078538
-158.21259087145467
-171.10705877821
-38.9136842828312
-231.2768771877989
-263.6050216886796
-17.375997327950955
-88.81509317916888
-189.22433181763648
-57.80317896499111
-244.93377962423315
-159.40905097369193
-101.54475771163979
-227.8086905916345
-124.98317590548413
-165.90603277504295
-296.1776987395058
-177.4486988848807
-50.81238203270898
-287.07958415422
-72.93786351333746
-175.28174610007915
-232.58552127668483
-56.934221920385966
-54.17706596273413
-104.124872103598
-297.05451381490246
-308.36656954006526
-68.62623642637338
-250.19648768410008
-178.2283751232702
-164.31119367668532
71.24865966606991
-203.71255183745575
-226.38319328886593
-243.36484354842997
22.942509881413656
-256.8581479421249
-51.338187002161554
-124.76970269817117
-235.4160726716708
-12.695352976585752
-182.4582992337439
-158.16566542826772
-228.51208057289344
-48.88539044076406
-62.14545175230727
-160.51456691066343
-111.57531845803098
-55.68306971037114
-8.588099321231269
-195.39991142853358
-172.74743458021817
-139.49435165497192
-206.20936543397903
-64.90862759192254
-48.51379727258457
-169.78168680751895
-46.4411451851976
-194.33006379093615
36.0539074687045
-136.00411415494946
-403.00897746280407
-159.15199481579276
-144.34996626607494
-160.77189623789033
-77.26753740834835
-195.52514547047343
-187.050627148478
9.721102076265169
-250.08810592244228
-36.71028216276386
-191.910275196665
-12.627226917816262
-76.02190273398917
-110.63807359806493
-79.3259274371858
-34.42486229251752
-379.64815174865964
-58.27141136410336
-57.88850362739225
-73.29676327145825
-5.831150644845309
-228.82427881387906
-51.01305651187244
-73.26525523952907
-84.43787882760655
-148.27329053615972
22.02284372533313
-54.987091327322226
-36.996033269326446
6.467636002901017
-27.196147836945244
-77.17487578098213
-90.28355911005914
-180.31615089469415
-204.52970440288763
-86.26592855349297
-95.44571614154101
271.199208779703
-7.410806957028271
183.95535469629033
28.91832534320983
66.96013045414159
-29.77625421978216
-61.15072691200403
-234.07482721129543
-111.28460603615088
-342.33770598251306
-54.46207834710089
-7.344879999006324
-277.1310908964028
-105.04605683809957
-258.15090764879744
171.1773116581227
-85.75216857191295
17.62826986657707
-196.0732791218781
-205.19538107659338
-214.69851119840644
-131.97653925855192
-206.68919860514708
-38.80705863104171
49.608179824634334
-77.10303600113362
-34.183400156118225
-102.3662991318697
215.8376811776409
-170.37116092015344
-161.4286496449135
-85.93965874153697
-61.59331364896974
-78.29413455332201
-7.4987453794228145
-102.62592285192876
-193.49691612514562
-168.52293002910636
-34.838381290698194
-70.38595160546133
-218.21210085040565
4.05899206681471
-36.15432880203283
-110.1701188241902
-102.28949722487957
-81.32411512876182
94.53646742606311
-179.52883888089957
-203.9329323491688
243.71836712324057
226.7312707603363
89.29868214854577
126.10452164818261
-13.636504963432785
-163.60904292018466
-3.693574056153736
-50.29534261408456
-18.816044110570317
-66.07956391939078
15.336078693540998
-214.11219650660593
-173.88928767163742
183.4565157284846
-127.85635467537612
-140.40065378718006
-152.97364939786297
-157.609441963221
257.79114777065723
177.58554299928818
-33.364688796896814
-63.04900334623818
-28.73437192187265
-134.5323428166837
201.05778643186352
111.80113653432647
251.87453256297715
-113.50906379567957
-111.68023154989535
-135.3043458314191
-199.37726859956376
-127.6734741753641
259.6438110951657
-86.78099216349823
-131.72498241099117
241.46246996215018
-124.93411359194052
222.04774862683962
10.404702834499588
-347.20728861186353
-11.570750351131014
-1.8997015559707222
196.3775284868575
241.30703802509277
130.39482008573995
-129.98208627098455
-34.67863381299341
213.20658372135222
207.84842894321193
3.908782276201535
-175.56557077746976
-14.830873469645653
-17.976006487210636
-110.77437255844461
219.00968444487637
187.85491474549943
22.00666127693908
-131.36069664125088
-71.00645563353478
197.6442355159026
303.9630726360111
247.93891877371178
-28.50308040920494
-210.055768738392
-68.24588233073766
-131.7127056274271
238.51458304016106
154.56360811659243
-122.93285010705107
209.07368241677588
240.8822544718371
236.07150340579858
124.30587975287887
-130.5141103478495
-32.07199523453734
-42.48829708340702
266.5785872212713
290.47133481617794
-133.28307768871883
-140.42284077352392
-84.87027636859722
111.2390741861387
-45.17754326461777
-85.35397938568337
-198.338874509368
218.67689316230317
-85.6736702874627
-199.05736958731205
268.5343748165403
-71.24766472112881
-110.8179907282063
72.32710170029696
-153.4970423250502
-170.9485738517812
2.128554241363858
-124.35065317449158
247.3162348890006
-38.99606179355568
299.5136823404646
237.2635591739538
-17.39584402474661
-91.49491681488463
10.675722132377757
-17.962333738602652
36.5143243318621
-90.80917419089077
283.1868593159543
-119.44557078526559
-198.90499313699536
152.94425667640985
-60.569263104497054
-173.86476006063123
-52.83008550012398
273.52375171654063
-89.2960232236739
88.14065889941185
-25.64506030040279
262.8203515122715
241.46215665662194
301.81630079451213
-128.1453475420435
-25.560846602609715
167.54163673354972
-138.02217072406214
265.3403059306924
-125.37420333320759
-94.02887060705726
234.40472148564066
34.84956422273109
-11.982414067087888
248.83491383539535
109.18330172568248
-136.58830497340546
23.02759559637086
-143.69910312293638
213.009576496794
285.7466110949623
-228.47626609080373
-164.5159597103771
185.19352719771337
-99.60700578411002
213.77635749957943
208.22306753502502
-27.558990453548162
-77.98137471803297
-93.28424078380887
-76.88276286258477
254.60477438202997
273.74093378972475
217.34583307517974
-11.541823404016
-61.0073135351756
188.94460957047528
254.78330745400223
-50.729793323841974
189.49684968953903
3.140447736277403
-127.5143677369008
230.93480901704254
232.65029735088092
-77.96232281333874
-61.51911930411988
110.8015399024001
195.16260538858552
187.3191152498818
-202.84535846518415
172.74782377283995
-52.868273700954845
153.68949388704667
-201.42093409221275
236.04302773436248
43.26901873306281
-166.1737345162043
181.82666185411853
14.188619046494807
-84.86299875357798
-191.59890739641105
-81.51175785374073
233.3864019807473
277.3863665721501
240.10235515562488
-6.4062305137712485
193.30726449270384
-87.34940005780676
261.944116494523
-60.03977841764746
-80.68653082387432
6.91037700108302
-80.3106082753677
-84.54177668093655
178.6018745621744
-90.18927156085542
12.265983395101529
259.26842362162654
230.945110993132
215.24386611725637
-64.78810812780938
-20.122343803477065
235.83322497949456
-7.335036652188322
133.6701024874037
293.28158087400203
186.2734433749343
-46.36623338373445
306.8002803694601
-165.71959494247056
273.52282424480495
185.25771706466557
204.5487171064063
-151.59253203310996
-72.97664556519565
-116.60479764305322
-120.26972537343258
251.83512252030283
266.3506931266084
-194.6953075971437
-52.06373126806288
162.68706039874561
-166.96878771529083
-191.7757944351441
-157.0439948033689
267.8106170277132
234.39661874334277
-105.62761268960273
245.83747557626126
234.06103834286043
221.78537157102082
256.9660579808627
225.22260394846688
-137.06422867874366
124.0991583003743
63.73565384325812
-198.97327034179756
291.43887975165734
272.870893870215
204.97693771007866
117.49813963479721
255.18001598657423
-53.85912487281399
253.42159464293542
-132.44404295559417
-183.16113723426662
246.9872073869501
-33.1182751700574
-192.37792814159764
-14.851836105502045
286.49419744695774
-272.02352324295487
99.50341760703807
270.44275817609946
-256.3866861981437
297.1990311790421
263.1108599877932
123.66050105150133
-55.98604839168509
215.27546319436325
227.93023869820775
-105.63834646456029
-21.88931200914186
210.15226938589456
170.79231416039622
291.8018443784772
207.04236084653544
230.78773539159778
256.2726321951179
176.73529822297365
-128.44531848895278
243.7008644425551
287.84758210655997
255.70760833826824
187.21188421946323
188.3274021623272
225.09017929425704
0.16172827263338263
-57.187817843864266
211.44413140203355
224.2875078055852
-92.10887562341969
-144.80152499231704
250.0830280786178
208.21678481162502
-206.660028663244
261.13714340316176
-191.99624416456126
-50.012938549283064
219.1085690970046
-176.92111503380556
-178.42384095607076
230.8587754991226
16.1370506228008
264.3001459141767
-125.75057028341568
251.1310423460223
292.71085458151543
-26.404219282398827
278.2063834006559
-35.689227919123496
-41.44983594058333
-85.10957534916804
202.447409252022
-133.31044471833033
201.30666789862107
-151.61905053779978
63.76954245778744
278.39253660342604
2.1867912717845
-112.78904733288499
-44.901793785828545
-11.196001160731512
-205.11957346577998
244.20960099626168
-95.08624748818335
-139.37965244431953
254.01001176571617
-15.179044161469022
290.8538098069124
-97.77329292708025
286.8828652276753
248.0363708580972
255.56307010195601
276.55952074374864
175.0724151365027
-53.9180621658617
231.02123270178149
240.49503352500508
244.28293963754476
221.8600859116306
-153.10841642811033
236.8583523055408
25.544029697487687
240.14135987267684
198.87252136135763
-97.60983868345731
227.50157561289183
306.2420861465455
229.45859916368127
244.97805556989718
267.85991316109653
261.47850668442914
218.19807471785813
153.29047105253449
203.33612030000165
-26.149212607306538
-13.52746798054062
-128.16689282427598
285.3913341093987
-69.55237225274242
-34.75655907435019
167.03967180337378
248.255222522718
195.3329809633837
247.03061737343302
-46.14099958448202
221.77847463326106
223.4691477133448
259.88240685596435
-295.433172310568
208.33903262353334
-159.16340643341914
159.92982504308685
239.21229873622076
-203.58184850362147
269.4624255516527
193.92705042315748
261.83056862414935
187.97726954304974
200.36193652192978
50.4669760409202
181.95812552938787
32.98813373937075
243.00478133377985
-221.80753524255817
212.66797040882415
278.88082483445396
-36.394616463855414
263.7497135875818
214.9282267311317
201.41960636660355
189.01000350077206
-10.618585813046579
120.30948135958937
-9.355622675651176
250.5420078305193
222.54803157982684
60.316707171729135
248.77323775392543
176.98520326771416
253.83352744973962
-171.53886181091605
245.31183636347095
256.4252150494789
241.70008066014418
-20.872622577138486
-64.71576057433117
278.0994038378661
10.89839249644659
239.4516983843115
236.0617738571675
128.37971383561668
95.83964350546114
239.8075883489043
-80.61672153501935
284.15128024183656
130.37494743685028
29.780408626075513
249.12128032145063
146.38546061468267
108.60013082490657
-90.87137450427755
284.3653081704414
6.10813044353597
283.52938754586046
42.71295049156208
-56.96972413488436
280.61340861078884
271.6265017937183
-56.417892752757474
258.5579375196163
-182.30593135298898
-6.6720842649422
-77.90819467696483
-223.5778190988774
290.0859692631153
267.0416437953436
-108.20229293978396
170.9763391644151
240.68955281933216
225.3179091260667
-118.36831802721963
-85.47606986300735
-43.548577545927046
162.8349750017657
-123.72833050365699
203.59005932130702
307.43672658936487
214.91497256282153
301.1475217577766
-30.322601497574524
-136.61189600662192
170.11338567721333
-225.61323712621962
179.0517422946619
189.64300410698735
255.7029184751376
276.37391336547455
282.39386666045925
-76.94489178555494
238.96920184181926
208.40122197487275
216.47385841073424
236.51659440180063
13.386621136340196
244.40091658249648
221.55910875022875
126.27642589899926
242.35783809606355
224.90768829989298
255.90536167558548
266.94513269268634
-136.47470140278824
250.1460672712234
210.61696844581098
-175.5794107684734
246.6787220103937
-37.3321625817875
-200.42847350588937
267.6221009477629
-37.206147692759274
-29.231911142262334
187.77925347343597
219.61218049974062
187.81143670933625
249.00664866555647
-66.9212378002675
-130.42601962053112
275.69125066815667
290.2542902833297
224.70919346566478
17.951287918328447
-205.21680631619853
187.0478602494348
-102.6529622054555
206.1827102310814
195.21070249622272
-11.181554335663094
-187.48430535324854
-82.23716063462555
-131.34683951500597
199.11215899131122
224.10225521801783
-228.05011171850393
-171.94758237468218
-226.85272005284298
-102.3438655686281
182.4669023933298
242.82403409839654
-91.63278775075479
247.46482003623416
267.4693268821622
291.8401790062625
-152.95186335916821
279.54021548035325
149.9388962291994
242.5165336778738
254.52972915088193
213.54416913885348
227.93160580409835
183.5199619913887
-81.57688473794735
280.6637476429
264.86222599757605
-246.5234384102558
185.31533868692918
232.60430485980717
290.46802424691833
-126.90458859076139
284.5460059174047
-190.24865506042
-207.59877454777367
-133.31593707277102
-9.426261089903008
265.0509517940937
-68.73791715916971
218.3690130558522
254.80389877484566
251.92257661381666
174.45333354439362
-137.84420322252672
277.1850821993103
211.6084675230931
-143.2554992611231
233.5920290913573
261.4265192483738
134.11815225073605
231.30016988739484
-182.47302651160237
270.93876543155625
-55.36130559129221
-89.6673531025103
-189.63164660888043
249.58326163037867
272.9298079375146
-115.31381634825576
263.18507144317863
-62.016236342585444
-119.68136488020457
249.30641741009978
261.83131939563566
-255.57424679631995
261.6033168363462
-102.90057733335499
0.15655993344449826
-232.93551590288786
182.21164052066376
289.2606761611318
265.87266426043186
1.2266873686647983
-174.21528351956275
-45.17612238580986
241.8192819222256
210.6639256596132
216.9851757113057
5.849663723495084
-191.1326219430879
252.06962880982192
272.1260421627287
281.9538412022768
-216.3005655987638
248.59881486205725
223.73701488364748
212.34653704237883
242.9498868029451
-215.60902608799105
-538.5647002688661
-98.88711565200781
231.2200792179299
24.976076452587264
172.36296716828585
215.61552113590426
232.73218665732585
-103.29084478969449
267.63953079449993
164.5594028649935
227.61371770949546
267.21880665198535
-160.73367555782795
-55.15479577711865
-47.66760741624132
169.16822502694978
260.1419293130414
-54.48577459960998
5.707933136840154
242.40568150408157
232.42933587366548
266.1009447990134
225.17621293307877
-207.5660606678527
112.47062596494534
-58.07254399307078
247.66321375683876
243.2715095872827
-56.1624610192337
251.1266414838817
181.65532742991115
265.3192912878076
239.43354834255553
-17.059161437595492
174.33045236451125
-154.96994179156135
245.56286942612235
286.9968745275651
251.65811333917992
241.73267681743354
-81.19348460623175
-28.15641967817949
