-231.5798976528507
-114.80281563607852
-481.7865555253956
-351.80244227725734
-296.43423828849257
-258.0102204509102
-63.63773286414867
-234.4476058063257
-163.75907740118532
-344.7160181063524
-118.29779404331028
-387.1325513644129
-105.3732101225899
-133.46935777092892
-82.49830405488893
-353.31854217495413
-69.00728242825468
-309.37516615480035
-335.01787817783713
-102.85768663187527
-294.80180184475455
-99.2605537876127
-81.32187780105187
-239.42927918328877
-102.13092941491064
-170.22643605818791
-141.6933083300588
-77.00073705754346
-96.22641605066794
-150.41418354367758
-180.72443744092502
-138.85966382981513
-102.77639343903589
-84.46092035913216
-93.56485804595961
-141.1529159290107
-324.146616857791
-67.49046595741274
-95.95187800519
-52.7335407598904
-125.25257355766965
-74.45256134475173
-117.55044900003274
-102.6686623650514
-51.69604760698122
-132.17119471449033
-393.8179053517543
-80.73811007994665
-281.12528749177096
-108.49528514636769
-48.51523497621945
-34.58911091596717
-171.60781792881943
-90.81594927724704
-221.5775881634138
-105.84009718563796
-27.469510116344324
-83.58433932867514
-45.36372180750953
-45.1458984622343
-47.03175242323941
-133.69424325060723
-129.1187179028014
-77.35205262686753
-148.1581307235734
-83.49785935173958
-55.39655360556996
-272.57602965320723
-81.00979983360561
-80.5875667286065
-60.44323090288273
-57.5576436753898
-32.59446556105013
-22.80211736848696
-72.9647001271357
-99.45598046190328
-52.15835061024663
-51.62223728528845
-46.642196806906966
-71.25209193199164
-74.71156001517537
-105.10148690643237
-39.78034329741207
-200.91200786745424
-116.95369524399847
-264.2086794800558
-200.24372539496113
-46.297448288278744
-41.2136016059432
-50.86845112387708
-165.85745575102786
-98.36216009534901
-73.14170422384245
-46.71604689578574
-31.338699311649435
-95.03770502501575
-95.55933394483937
-70.42114173540668
-96.35575651195103
-84.85618214108501
-75.70706718283135
-103.6127567925108
-94.25341221050915
-24.574489783950455
-99.14515648571405
-45.5363979615868
-72.1557889565523
-46.3723911402506
-39.4649431082599
-70.29175074550434
-87.67510990039787
-87.01024328497817
-164.89038304459666
-11.712262760910221
-47.465024482101484
-20.4925129951219
-14.33730335781624
-25.073375801112817
-71.7004713188563
-85.28583491645801
-97.27510484743718
-70.41000588906054
-29.235169572242654
-6.190758355302279
-92.99892781459897
-34.19512640105367
-29.317191958826683
-31.594954299311482
-93.65250069660043
-203.32068393285698
25.14941666772951
-6.054043103544075
-126.47732869529729
-50.03757861428744
-132.81913268015245
-50.17157284119497
-28.75602642060798
-151.99803688296953
-56.161279403277454
34.894204411850154
-1.8138077935542896
-113.67578675927763
-130.02435658497046
-208.126682701558
1.1049882853745174
-121.8668234573401
-82.98437677927237
-73.03690791647091
-21.760651908607343
-41.392179028839266
-76.00035537055597
6.830611107237829
29.7730308887096
-44.89353828595968
-211.0614106534785
-44.97148814100973
18.917568859466755
-22.060030907968482
39.65814408991517
-93.85679223096581
-70.25532659479582
-36.47218083471351
-182.68022816024302
-64.38893493425228
-60.73140115342643
-22.952117667310063
-44.562204977897224
-85.94670874506589
-12.662571682633427
-104.63013827120463
-35.92824111087897
-42.020681768812125
-94.23164451375393
2.3843238461664242
-98.26257953920225
-68.51163431354047
49.07072329912927
-36.112726074442435
-34.82522345898225
77.28248526797904
-155.62202007418347
-48.26378109328576
-156.59273180590782
-61.423324516918626
45.970639104868695
-9.965685717200985
-8.664323506065443
23.042455928710197
87.36348037724818
41.783691027347295
12.632504288890246
16.799922765819826
-110.96648455545458
-34.61590655211059
-10.416479168824537
19.988236775113577
-52.48448409259997
37.23677050200834
-3.4057016075501707
-141.94144874374973
20.615298038129794
-25.234047937384034
53.65024569313327
-87.76699071150938
101.95618651301635
-13.711354897204401
-58.585093534463596
53.78704354373253
19.956656150662198
-82.06689159531955
36.60436015194955
60.152586857105725
134.8352844788959
-63.89940709558641
31.615221001617044
105.08258727742266
-27.592170036067415
17.600694366031334
106.24717618873699
-3.923740027528254
-35.1665509240118
138.1852925572843
35.37104831358525
-58.026637066798
-39.46296148332723
-77.05408905070593
-42.526638986165764
134.00596198152607
27.62267074475976
130.29106564295802
-3.142530557387289
126.0992969313887
119.85839090627924
-70.377409452913
143.68749205030025
6.559673490424146
-115.5392828728868
-5.298912410598874
-92.37060313064315
-113.9046103085674
180.7291065568745
-40.603004515302956
67.15044733544526
98.2516602720543
36.12043398571842
-64.25428032593766
-195.31170255030844
89.95264544701823
85.06696606090543
8.475524854970308
-165.48512731200265
103.79589536862994
-180.6411618637987
-139.5848605197699
-2.9897852150510857
47.95074681341173
-248.51435256810316
102.33264784981628
79.47799311948572
-55.3799173085895
-141.19463658790627
134.91726714274196
98.58336380119357
-23.11964645372883
105.02897645633847
84.39103000246163
-191.03975490215106
-8.277999887531493
-311.230353390835
64.06472454185857
-214.78685859216344
66.96105090298417
106.55080435393636
-168.15126700709266
94.29367250660908
41.069142077195494
96.35255572511967
-176.81066231776123
-291.396437869359
76.32918520491555
-11.46762579654171
18.07679519820833
3.4137498108000415
95.90617494187902
140.63882545836384
54.88400999256185
103.19556769006806
42.24627045790709
141.72272082139244
129.25030682812425
141.94113401538948
-7.429054836226399
125.4091632411171
-22.015502514927263
99.50070603362435
148.62230095188463
-12.11820375934218
105.8479363296055
213.5154622837249
-273.55449631998727
113.23879144946694
103.4319322426141
-324.5825474263585
125.29388213813084
60.25629341858597
2.269173059852656
49.070323631967796
-22.848405515413234
57.066155548268746
106.24977295015626
111.50694556329483
83.14532738893176
31.71770775730375
127.4817913839073
-9.014482947546256
-19.327392482331803
-297.21567364446514
-157.67792356119617
-136.72254434015036
-198.97627062889217
-54.10577134241758
-79.39892339653363
193.46957416527223
-36.826051539569676
174.00768960468068
108.6946887662553
87.99283353167911
117.09611429358053
1.7122532213173969
114.29291948865308
31.89002281583583
22.84527096392746
140.86152908695573
273.94367861289584
72.87107874262247
119.64267019085302
137.98894614163666
154.62107938397648
260.9232768259145
19.12654471431395
169.6613506129523
-4.572179600865496
175.14818930250462
226.5291263803581
-10.638572894832961
-186.50332370752602
117.23729706343843
212.84202577340935
18.04027169821838
159.21741156709683
89.03139618621884
127.2275141990912
-295.32605521484004
271.00988909952986
-201.6916405399652
248.27387325770408
49.23270336602543
205.76902303458428
236.6551812343799
248.44920995084357
234.49014726987278
238.49984906375542
110.40322714595945
230.2696874012425
134.59047155905154
-41.686930244539255
144.72461180478166
238.35263748490036
62.75092494710683
138.84454978374401
65.02455869944991
-18.029540789209747
253.244534273775
70.76275674729035
-111.53251001787072
-174.79449221627445
40.61162909404671
120.12306938630223
275.6105138097901
145.7613630803877
113.80288721599891
168.53390053602874
237.28735141870746
149.24559871034464
50.74410799870137
245.7914974565058
117.70824472070555
217.02589409958088
143.52106751915952
107.01829875734336
179.13463596999566
106.38965676218884
292.8005811699283
215.41701680896648
251.39264536151944
-161.73589417381893
269.52009652397544
257.12686901365805
237.62083384603187
259.79068952566763
246.95159841809635
260.02151724442837
160.2645292674215
-131.63930793793958
41.160974828992124
29.652981784241575
-63.754565156985485
13.016855264776282
-175.88921075500446
256.69645271330137
189.24136603156452
-71.98074352804207
1.089927989964508
273.3063605082772
215.9558505188075
272.566904200837
256.2309393423679
-221.43067459634645
252.07273158094583
-194.13189837284833
240.01552510188048
267.128274450661
243.5563809670887
219.908259681213
227.11015522938803
-11.865939559234477
190.17330345562004
242.68304339873308
257.70923626648
269.1029210450405
-572.1914077338288
-64.40049269634925
249.27208472097684
186.64192951947075
210.74814744295048
-49.29066661611104
258.4493796417552
-302.372620237418
-279.60709025597765
232.7955910517837
-8.158631701291554
216.95741622647643
-365.30551124653397
-262.1099251572465
2.074350167990673
-189.91470892950053
-349.75682905164433
-186.09228985631717
227.4261347848677
190.08411688090834
243.61587741159155
254.11379395438533
186.4908685920236
229.84788114478428
249.5529840947425
230.81272461668289
-16.206340811973433
30.296035125080493
252.7238721534376
271.40646242685204
268.1048547241021
290.70494343275277
257.6472408235578
26.56501145285864
16.628857117579756
246.70767870869884
203.41595525023934
-20.57921393769786
252.34543869422208
160.04129327770423
-198.58824441598995
-76.3433338601826
-222.0075325825487
282.59546529319414
-46.64782505324966
-70.92923693198603
-158.4145131264165
213.63328958427797
266.42078338186775
236.52288170565848
-33.93353990192581
240.167373070994
186.19721912084168
273.9383303482799
278.2063613731587
-50.62022738387253
279.30258481037185
226.66683925925113
259.07206869096603
257.23211467160735
-222.61542429064727
194.58990795459795
257.01287684868714
-35.73199037298873
237.80496464463485
212.7433465748789
243.07272878971145
276.98117702712716
-116.88377147448405
275.68600212731974
268.89678283561545
229.87512914922678
177.00780170815642
240.64163307026877
284.77966801632954
272.5990888859444
95.27154982789894
208.02280106676133
-62.81769852356324
122.74356817904373
289.1114903174686
256.9020500177205
207.5372992511558
254.82355602471154
257.33870722524216
-15.638906732106236
29.99949484592426
225.62528829333937
231.69211989904375
271.98250301651785
213.53008691106595
242.27351179394668
258.3576098912318
226.52166029221854
288.2411519989288
295.3933282947325
-20.253401511073804
266.05512189846263
257.4979352355827
252.3468813193357
167.70383036293688
294.05541553339674
252.7278730134481
239.82656643131028
264.4949621868138
249.97852094823534
237.30785673247982
170.0878340093846
284.5299953854044
233.96545888059487
248.8013442989423
205.92632534709767
1.9015454738678272
263.9025269970424
279.8990676626065
26.37365038126505
250.1928284788723
250.0834834794745
254.4959155137517
265.3099804407628
222.2887222974605
9.083946136139957
-41.133110122188086
238.66028862937736
-4.671417712230237
3.1285508716192965
284.80629659647036
274.25037753904127
-9.989917633652183
-2.580429879292822
263.9950795096276
231.18695033975362
266.1916377155661
175.7555163312479
208.1342030155035
230.8999102351684
275.21832368659545
-22.57189187279458
243.09761739475383
209.67637777581106
237.31429434503215
-361.91861130566997
235.6899815237361
23.27207133825378
238.82470764723715
200.57857990418154
216.1484461689483
296.78555782134026
207.47787368377186
-29.080396792881274
-191.29251784961502
8.378898264533603
255.25233524971463
163.30125769993845
197.92327794417244
213.15121073009152
269.463885303986
-6.535757608879123
266.85820366675415
282.37405873165164
264.81280388889206
-56.67283468348262
-104.65970445249535
-326.6277929885295
-244.83220608149514
-352.62032265754215
-81.07598000882705
-352.2921137097186
-636.6669303575709
-129.04039040125025
196.27718737524071
-155.85573572901743
-172.31942543080692
-353.1792124100165
-180.0790601177405
305.28280758171275
248.24224864089894
-179.34393979067346
218.78398848648544
21.568744352343845
-10.62923316349979
214.58083658653004
210.08471146291583
24.890950769476092
202.0122499249709
-6.765036563666101
56.34093296000711
214.58226327088488
-202.22346949600401
281.1151468026601
274.1147653055483
259.73366571216036
244.32431301108423
-33.88390089300742
268.9893137935508
263.7927303619047
-87.15794721068669
231.15351196457271
12.175347287232526
269.72497361028326
216.54646975883722
234.1636927125654
272.07547095229575
266.94525048016453
272.14176262125267
27.643135482651005
198.78792323457736
256.3314350168374
258.6824457725152
27.683500348671274
275.48015666236074
281.5903672273066
269.06406875785285
237.22780680046333
229.85880275391506
267.14981132890694
259.9922837336753
257.2650667181265
239.21150685365583
250.77435673640116
315.14080992632233
229.89042074479642
261.97595157136055
213.13116936648262
231.1720313787743
255.72097850306722
263.4869659074645
249.62283550552405
265.52124508384617
278.34300734776014
252.56408513565324
20.757547638212813
285.46700756494073
268.944569368914
294.1453324117474
297.9604474714673
231.77775421006595
221.8219717769387
147.29258066467523
231.97951968253858
209.38977216866752
103.52366745258256
269.8841515815634
265.59680533017234
197.0189164036396
282.7893989884187
213.57107453360572
-190.12723764594114
186.1275418220122
251.98268991672015
287.5859239055966
240.11458596905192
281.31056125805185
287.448720327066
249.18806497845222
282.24067007402596
284.0020575739765
270.859398460727
271.1605262563244
264.75581365696155
308.35424640053986
-12.835186034809695
56.76801280446037
281.82636730627485
269.71519874225805
245.18462945346593
275.8285132794627
281.02796679304345
271.0960109592136
278.8843173367253
277.58390596965774
265.10045579731263
278.02510135365213
237.47762822218283
258.1609358021432
242.36572787343886
252.62498133222948
241.2950935000448
225.40923119063964
274.0638770320644
203.90755181407684
279.8657454435705
248.18887584482644
280.0926237157719
302.835275967976
241.63292518458243
246.19528488827535
272.84927845141505
272.16109169866195
263.0053075911585
255.34791615657073
246.54554964260208
245.6330543046885
206.05005332263772
205.5697548228178
293.29770998193055
257.5611536252814
259.90960727675247
239.7424505777938
257.2943056149444
285.22210510527793
263.4322327229353
272.3763708103321
280.4117374821182
203.06912460876896
294.5436894584707
217.86389227476704
268.788435517176
279.1957306379049
244.8134287999937
271.72949505533813
276.9810685430465
138.8776836933906
221.00686453982158
306.40980364731377
243.05724194216026
266.1414312026145
-17.35043313407941
-680.3318440590682
-201.60074861988568
-790.0862867655068
-255.64981725671166
-552.2782308454366
-654.5334582078481
-522.3376874847486
-510.8477144754716
-542.4586811632779
-544.921279576881
-476.7712914499576
-546.1063866092934
-685.7258568244134
-578.6634711486067
-500.44899159633746
-428.9973654721138
-1821.5205813337645
-565.186633672053
-2443.0006718159343
-742.8367073040808
-604.5549913089408
-471.8607253085594
-314.5347424169599
-752.5038862649864
-545.2706045201649
-828.6624705666591
-686.9656322333338
-490.05010322482076
-934.7622029269575
-503.6342527662686
-761.6155456289358
-624.842369778496
-534.5822221602017
-600.2549817180828
-619.5708360069423
-843.2253006354605
-727.5648333886936
-1367.7021930442352
-298.7119620232046
-758.1703836236038
-605.239649886807
-1899.232995244547
-846.5370526739654
-995.2876808652879
-599.6890932981173
-766.9877700675759
-585.054855497748
-648.5622256583856
-478.05428663739247
-594.9460175719529
-545.6869510771785
-323.0110582443134
-812.3769061328188
-691.1672063446662
-467.8460427946935
-537.740115182922
-532.7141392392598
-213.2673529680598
-455.07126912230206
-292.071601766649
-581.8983852293925
-303.66330457426216
-246.8492512508261
-384.96307982507165
-238.68846286817356
-231.61175604880896
-63.499177947418005
0.20377273393928874
-265.4480617149347
-32.74557214621929
-198.77983449598082
-319.8944847730527
-182.40273326829657
-46.48958388004914
-281.5807767571522
-465.43125344364745
-228.27967098189305
-79.04927804580234
-456.2160354602915
-111.3545373482487
-16.81888252292451
4.804019652543531
-661.8708317970046
-30.098364041171934
-52.13804137578358
-194.33554163378443
-618.1424942443713
-4.27349834136966
8.788227762679057
29.613043217699214
-354.9080322974947
-135.80363418841188
1.7267088640450945
37.26132804341697
-20.984784026199634
42.733861010115504
7.359709535086353
-1028.4740567383742
-353.70936616130837
-56.31639600188366
-27.72631309091571
-58.94040596598756
-122.45882889165068
-125.53277851123607
189.28937338421747
74.58108066992064
20.280804589380637
127.634575489729
18.011457087361407
-70.67620687705548
-19.6405499891234
-31.86716523739841
33.97251631023047
-47.07097968367072
-319.8406413715132
4.588512743168053
-171.64132395862532
-11.709379005640287
-68.04497244933718
-139.5410355115514
-97.97134802497503
40.780889258979855
-110.98603743800636
-70.7259890136524
-84.04254444989255
-93.19870580546467
-268.98098570670584
-803.0458519755645
-188.92730761402981
-9.16250765863397
78.63990900580832
-32.51346564338182
1.7651178737455524
239.98037106808647
-140.50965952070067
-23.25238918699918
242.5683571813637
130.60400666656346
199.65048529871285
128.92294371470746
-11.618120763018368
207.1967129608603
244.0639528844859
-183.39030711284278
178.29771673809265
215.08295929815736
253.47201176730871
233.0657039093754
237.09428542133944
-77.2832082647737
248.22061694522313
224.98460832954555
239.23449529621038
194.54170783556685
262.4023485164763
278.0658621812787
229.89252512823145
180.48713402434058
-163.773564961049
17.691851364703226
253.60613243483175
284.6183643644699
244.78478432698532
87.37362387234276
-4.36194152138239
284.14104207776677
158.00740786328453
92.41565313710385
258.71297220403164
202.05046932000783
-28.36975600764474
-30.937505485550048
218.82288800292577
5.097769323930024
166.48064867533043
214.68657660688584
183.5496051157211
218.97054834504533
254.45441860491061
223.58540728237853
-109.5809328526481
96.00077672741926
214.40064121717643
-58.312582617952856
203.6802447402522
-35.18819979947756
-299.0109057905454
-28.918084130892908
-14.172240935783236
260.3382846757138
254.06883509345437
-30.705957973711932
257.73364956252715
289.72830195866845
268.0508818805426
241.61707309774414
-0.5218948329354873
165.39640037744584
198.95218076082506
-5.911322376199331
216.3627831809003
291.79520307204405
-31.279125089159777
262.9950578469147
232.52251240735325
-16.80856795360519
199.59188107357988
237.0923942391264
206.57813920499532
163.7973438582245
237.71933648953018
192.98967746623322
248.5475411128777
181.18990231283883
220.73818765397817
243.33088820843597
5.76733234603538
231.07386920371385
251.01297167082149
198.9090050675502
251.57340906550994
121.22417109634765
291.5311175341782
236.16320427311
-312.20369785249954
192.98368237896653
217.32961029177795
231.2227556267655
234.41973990649748
218.47437225365024
270.8816138477364
237.3247049618325
235.5890414148155
219.04819436886748
268.2293889530002
51.53892049786684
-68.57241193983629
212.749761733196
243.58294044696632
264.21540548688955
238.6152744893185
-315.756396322197
-171.67568744734785
209.6506057300597
-45.84132643165434
250.8343457869814
-150.23045324206538
238.08901188451844
266.94352237715316
248.72928922330436
265.2812622812096
-53.67189929178609
