-83.65538140425434
-133.5912146302939
-362.3376624672194
-235.68992913824275
-172.23797084591752
-192.1283396925371
-185.30852550204807
-340.9185321233165
-113.1419454782626
-340.468217580701
-271.80231637293264
-60.022691933937296
-106.52149738833039
-25.8000074927309
-129.23303647496536
-179.4881881920619
-135.26844763168071
-208.81034285144915
-88.92602653362896
-251.92638850430592
-113.93614393055744
-109.89142652344023
-103.53215403739551
-255.3692747105061
-111.0234749851181
-167.13864094592333
-99.07752781328165
-122.58234456843846
-121.38758731111487
-418.35223415367864
-144.78502884399128
-139.44170837240804
-173.5960780046343
-397.00795317250345
-160.02300678158272
-98.37309417417333
-121.54955726687538
-147.39622002670484
-104.25208639068173
-115.44598556682641
-90.48990170511246
-296.1986862865724
-36.46743512357409
-178.4745295524615
-162.68347389733154
-63.83177055920725
-135.7542667138546
-90.05541958524864
-209.0562520992928
-73.22621934867938
-59.39407562892059
-59.12360684119667
12.508336736737292
-215.5697288743935
-104.09341830836232
-43.80763633792321
-279.74018273756496
-137.5019817687412
-227.90716055156508
-76.83105330250876
-69.59271362785078
-76.16946383937508
-81.34126579190699
-323.08597512359665
-93.86161954762771
-47.21942029283234
-104.82382773882011
-69.37033132625575
-98.50193452018449
-102.74481881218651
-185.6007441146959
-63.187484857679806
-130.738671192104
-78.63486282355458
-108.55914053910573
-88.16224539492435
21.75731031946316
-99.95194278332667
-244.3672524481152
-142.5633312203301
-45.34060801719382
-71.92048453737964
-64.37006543348727
-66.40921274157682
-99.24234162701644
-71.87291488725936
-74.49676712175332
-46.05208542690845
-61.13015679121881
-81.72789868219601
-58.03333170051361
-194.26955243085095
-81.1675005977676
-67.08195554832355
-88.87711450074364
-306.9010175032247
-53.239834372967266
-62.686794028144476
-33.593671318828214
-89.89260597709278
-134.01344250931157
-52.55613850905783
-36.77680418998503
-49.90651241989072
-52.05277873865769
-60.53554821202435
28.189976100609478
-191.03332521415098
-27.01371905775372
38.268660186233205
-44.38275686862005
-11.346827906424124
-8.80303481014802
-18.070244992583028
-49.11503734913428
39.70776966101761
-46.1190324052818
-12.847623016486082
-65.90416180016555
-30.419398377823285
-10.583542200976822
-40.43670968404081
-92.5749498462632
-77.65562094215225
-40.32825564161873
-82.84710496233312
-76.89721355817116
-17.27428921387225
-287.8586669777841
-324.02994699631904
-84.43167121718693
-47.91109591255652
-25.058184040830213
32.10664993875582
-23.275693940818144
-50.12277570025721
-232.04786229049265
-188.5755500795
13.47470853043454
31.07947835900157
-194.78534254299808
-96.36583766160426
-56.856336102061185
-53.90664473621766
-13.536429602284088
-216.2432661071289
27.46857817457729
35.43614710254508
43.94645333311152
27.148649452995386
39.34515542570834
-8.217517694606158
-62.71170543650524
3.199188616786614
46.6733366743984
16.05948856850266
-20.162439998388408
-10.471087140310843
3.673540120291875
-17.1123044040299
-92.1403973750714
-100.48482372766199
-9.670396843576796
25.529154612552418
-36.67239899793279
-11.098410603069329
7.7000697743896325
9.342666766484228
-222.61150594847055
28.89515115786228
44.396370919245584
-22.03447204056222
68.49030065658037
-160.19891210957454
-33.39492681739067
1.6884108572309806
0.6444977576354427
-3.4640294205559314
-108.44411156199578
28.69700194225041
36.837168752369664
-89.86244249982515
-183.69748594817236
-8.499047703250358
9.58026315189255
-359.4253872992742
13.625754682002835
-28.68910300471973
-76.71423803039433
8.035938917689277
-15.530279950482267
-6.111306560188098
-163.94920360820015
55.100427424493205
-88.38857933330654
-62.70947731527386
17.845553760799643
34.058174861882094
-62.70253051551913
3.210028374375118
79.24005038901858
-48.0420883127874
17.817236053292632
-172.83816244564332
-4.558080576540291
-21.134417147802434
2.9565150631122625
-5.637254182233712
7.5949552766623425
4.025559060334218
-149.64798705572065
7.651188071109435
-73.937553112903
-19.03872201344239
-41.09270502474477
21.31609964566713
52.27837014867316
-161.09814269726672
79.74094832225171
-84.7903790817939
-172.219583126736
46.62319211088892
-24.75732261841992
-164.9328651316025
-68.26677005311653
51.67918988721608
-36.663986214576624
91.58622911441397
-54.059436331621654
-67.78418014113504
-121.82411848223866
-182.96556964586915
76.42352211068533
-238.2031131426858
36.18393540339604
65.83714217882243
-24.70860152453315
-17.706966453069292
-13.73604781102522
-111.92584387086748
-4.151146586229336
-70.09290925173065
-60.82198087018048
-171.19457608004657
-34.861646290746855
22.12973284959932
67.47692138415354
16.445300024329573
-83.25375416223356
22.594863850220932
-9.130313932388281
40.38803305279845
129.47448002801963
-77.67158134571734
-227.91506420071505
17.426605979421428
-79.71954465940968
-183.10741624651303
-68.97514060521131
131.04311327962526
-63.91167280782422
-54.30885220394371
37.819060587981824
-20.728968476267077
71.28002447433266
3.0531043114325387
-78.80378447490017
-20.606267967990625
-30.22573316730403
21.11402421860601
105.23914643032114
-82.10075775328856
-203.83159024126138
63.76695349577222
-37.208070338668556
19.627845995318264
64.64994789466625
40.61498576627028
-72.6625902660275
-194.06784571460142
81.41437856965689
7.469683025583573
-325.22055749051344
-59.78503872961015
-85.69484650871216
70.75536027855733
179.49399253264056
-31.131455387562426
-22.566447055444996
-13.502960466495132
125.5848579403858
-81.02375006933859
-361.58494447498884
24.92041271845749
124.25186040064138
-38.02098634317096
83.69947953768776
-57.411698906495886
-72.65626209343372
7.7848868752412885
29.425081251686237
87.12225942629927
50.1228689999815
14.42838443297157
-11.34995986315801
-55.162288663170045
-25.098174382539327
-2.4357347531449416
145.47061659169736
-75.53247182011495
-61.45949063349515
-9.82889680096074
69.02377902996882
226.524308561618
-76.26600926115756
100.67036439287466
31.50438872188296
-68.0048524942905
118.83989098986142
29.218066155496196
33.938041816954026
-189.75647232545614
94.16635803678595
63.45559101032185
-6.362460571736904
-13.44072913931854
174.8362713766731
49.70259112246811
194.95031767605252
110.49465698510167
-38.455490606241604
-44.15899342785618
-29.203476048797235
114.60286919424807
142.28677438831085
243.8914775215769
261.8971695907196
238.22590895799462
-127.04138812434536
265.86017805624215
30.441676235827643
92.00295761536312
217.62232062849517
-40.57531367700789
-78.1855360425474
-59.38775692154383
-65.55155553819675
224.03842851119296
-22.773192776781308
230.30047653925928
235.85272810407173
-45.24785356415437
-40.10110014101924
223.2094143197588
148.935223453661
200.69522545109186
22.03146582182524
-25.35080220098957
-123.27951847833548
-41.98157474059714
-138.62646852730407
-43.435078607942714
-22.212294528115294
234.5192094324076
203.42678521518692
-34.89149998819725
47.077162194964714
-155.72051611851535
-17.66049342947757
-31.915188164533532
179.39650419325824
211.96495749403954
216.96429728535293
233.30381807884837
9.418619960946376
228.64830547966628
4.460747845920554
123.54886854185062
136.515109754861
74.10884198162412
53.83605061619223
-86.70285446659584
-115.4453447919318
218.26845882589768
14.452179275317553
154.58739994107015
133.67889286035228
233.0573090975212
175.4960357475986
266.734356091152
-201.83509929936744
107.00507087106055
99.42362172529127
-104.86282679326365
-106.80553361063275
-47.24438012385923
278.86772484203266
223.03269511265245
254.55454680179332
37.5156617041764
-34.58175840704896
224.97121029049853
44.664334322427266
182.60454151937836
-33.579123563200824
145.17095096953162
96.79947868554208
228.27342458100824
-65.13331433384373
-139.77556246946128
199.18691662856398
210.60131610617543
231.85239550410762
-33.701663844180864
221.1347212606565
230.76547970553628
-231.78238454760034
189.79023106786892
244.74389453087556
-84.18787161918021
263.5805968467712
4.093073739378506
-79.78145601032766
243.67260012398816
-166.05453955844138
204.3013834048184
169.755412248271
-4.1875360056165505
184.187221848575
195.7949310056506
128.34484038763918
259.66215837737934
-60.384512299457306
144.84285417375378
-201.30847336945635
226.23111382661673
155.1976108657263
240.42214186187996
-16.558885651589073
242.13184915124222
-47.19321884373212
-77.24062486213921
-88.44502294304948
-36.73511491318536
95.77157757066372
-40.45876700139942
-73.55638059435859
-59.217320916072254
-37.4673812811522
193.26709415369353
-8.187834030056232
-38.73010522648531
281.17659521914373
-43.66977403094571
5.248355604943072
204.86316199147277
260.49747055614733
-25.273838831864367
211.41187415330853
63.98976607341619
204.58690238220981
-147.08744876267122
-113.95780536403959
-76.64240881107624
105.64662104695341
-63.876650996352865
238.95116350816306
-69.87895076350034
-6.057660092961697
175.63305721454955
-153.5642405040165
225.07329660094075
28.307502562265626
229.6599868285514
-28.51660132783949
-5.826097267416827
-149.28245432582128
220.24601423077655
-177.81419358124984
-14.562935559896658
204.65300430225764
34.903778876578656
231.68753296720976
-88.14886750876562
231.7519442304255
183.1349354110275
225.89597512072066
230.71245367214283
78.07494771081203
1.9072433446306007
0.30551888065771493
217.29708646334052
248.08681559766262
166.7704638534533
215.99393111717774
224.83603435649798
-63.24943173094552
118.51850106794508
141.13876181659748
254.55462349378243
231.00766289430806
279.64264484833694
-40.55143146392323
22.460251155530614
-34.67093165421822
-53.2521313476096
269.03575183327473
-64.78764380438153
185.45523855418642
275.9673334714978
150.54785416256937
-67.47852606847206
245.1074173026603
164.52808745938123
224.5109854045187
212.51765149439493
-172.1747969821984
136.8411027822803
174.4933884845616
-31.541808663332574
247.5116028510948
-103.77416845085115
-205.83856417578767
168.64072159774065
-182.49237045749356
140.75858137224168
-28.171134613786258
221.40028805296117
-85.16558446807674
-15.440330941743241
-5.9654124412965075
-56.44591759776763
-37.383310203348564
221.11933281550634
129.96766991232047
269.045476503968
241.83509347549483
-26.002046217921137
-141.37171891976828
-52.87911346773354
14.10475277134185
-88.84290802314516
162.04671745817052
-87.70955684105698
-109.93042987071539
144.078350523143
-96.6423777239387
218.62162256372892
166.38429705134655
219.40094094748358
-270.67747668219283
182.2678202350648
247.84911649726624
-91.8579458957144
-32.207533027841016
221.56948610037864
241.13879864837813
247.46081669484818
-45.70639730559378
166.503215886879
154.0148993779181
4.3877223161861
-20.419151477477854
-115.51662737797477
244.38540413154303
277.08280415811726
280.78221422570755
221.31052163974468
242.65232744794017
-45.50208920197447
-153.4852224998787
32.04722686170072
241.77274281345177
-63.32486112788758
233.32175930942782
230.68285717851424
262.66583519068706
227.3018783306615
-286.63234242630585
239.20979232716147
262.7066335643809
-0.38184358579515276
212.00249813248243
-150.36645731119037
139.0803713474255
289.37725710984887
219.47006126801432
255.3688129531859
110.80944588127292
263.7884454752558
213.38466343615187
161.12765321317852
230.48931381314998
269.3967628793459
220.2490162793305
-42.204736444824825
118.58462602718737
212.69942352871536
263.0549623508076
-93.3550908539684
179.27369863837075
234.80957152835447
223.18877766345724
251.56936335889574
236.45549418360247
251.37995905386674
252.18936565133905
192.74262944373032
247.57671587653476
13.544138282680208
247.75309361560178
211.60674272777413
237.41976672477193
293.8742467624948
88.89128786583935
263.01107161155574
232.2275390629853
232.49465541212516
182.37648406851284
176.53791597997426
270.5868092035094
218.83550838013082
231.0320525084877
166.3405651603868
133.34593561466397
146.8509999037447
203.51573397979308
252.4841348497001
-39.08979103384981
278.0394652074124
194.7278963046149
242.05132331907913
231.91406035669286
-373.3598207138515
246.52615242940772
199.64833485199495
199.61977266654048
-105.42021860647775
230.04058431272858
147.43184968149478
227.33603078975221
245.83086681782635
228.3930817197005
278.8039147861261
140.20661873922458
254.63303464614447
249.05010920684356
65.70893191026423
258.98641355961047
161.85208901139825
226.77283433536644
199.6284712633369
-137.4563526993258
267.3600986534757
121.50530134820485
-51.87162760368611
264.9184543649193
4.408918549539095
244.0931025487093
256.12924915267104
275.3088705852401
234.92913404102273
154.18166417609862
218.41752669877314
154.89740283539257
164.3691421834849
241.34789534483127
194.2137309093452
272.9946102598285
225.8740019217533
87.86064301845121
216.91342543231858
263.7679885982015
233.28916999093246
266.8160277581627
-40.95410581222139
277.3385792075517
-321.20271521322377
219.35674562072825
242.94144936380712
-134.6823536516722
100.86250179321642
238.74062071832054
243.490417244057
245.94068468227957
214.29878051698378
248.11629839753854
206.92603545411012
-23.408767117452015
160.253936083081
-24.179648425361066
204.94485187369054
213.32530673561956
231.45577924029976
-245.9183348525501
-40.884388401902044
255.28803366567828
207.39446450715693
139.54602782344443
245.7064733542267
187.4005481416888
-37.22152122758572
87.31904885846394
281.9789983622974
226.2641352726505
233.47734401375806
260.0227981787469
237.83543448025478
201.30137127259476
179.91215248316774
209.6009838101951
226.20968320206052
159.67803979689342
271.53022047886645
-34.67220271907357
219.56338351428724
242.79941590281402
272.4530227596232
-8.685282325613699
257.73410068300416
251.75506656992934
209.5124201705729
219.62669679529074
190.90479755555253
239.67008485002376
277.50058489079646
231.1165072111351
240.11762735938214
254.4095396953281
249.4555738349187
138.95085869540827
139.75688273900738
235.82295091497087
246.56464830742212
249.25010087570936
277.8088645353615
160.8177765205361
252.74966114815817
199.3791434108145
-8.969080249335363
137.26322427122855
251.15588230896773
255.5027083319839
240.10956029059705
285.86346822492214
244.7602647901549
218.7453163696565
261.0337835370806
-172.90146808491156
-53.56207009364533
247.396259009421
177.55819332256874
16.962101386893114
228.49755250371499
218.38339397107887
246.61830744295582
-28.468063010457925
214.43476537325063
244.1641516908521
288.8509711700857
-21.060967829802646
227.39307789749614
251.76572726165787
279.64266747450085
106.94718266339379
197.75272848014572
294.92005879621115
141.78972612101384
228.1603793292902
231.34622955764593
259.1649713948279
306.57759849389015
-235.19809202871159
215.51940135496204
273.5470427037685
18.6088414596655
222.99643807970747
275.81181138131575
219.81088473484758
265.21029436326285
242.22325555305716
240.66089260139358
266.44067245043635
198.1003565548933
216.34577310152173
145.9973028949923
27.943905872358243
223.8717202331713
168.7819304448745
183.47998417437162
244.46324148672892
22.110280674930635
218.41988240145588
132.50204110613558
278.5015451691337
189.05903410031695
238.97935520115914
-6.796007463902569
223.18032140346742
176.1992882858618
134.34229553047976
262.6766834711148
264.40027295536885
247.02457176591616
32.17725326662037
-13.086076010485789
229.43649223306872
-150.49441864365966
239.14186239106385
246.17192497062712
243.14585466398782
277.7814339139408
189.3211096726966
255.27093038530273
122.16395559016146
244.12103913174693
193.53801633607193
250.80319869530774
230.03428858253034
166.2219161490226
-19.548155634275773
265.36655415930454
231.28632656403613
256.2268400542421
180.97599438553272
239.97197834097977
258.91184576113517
267.3924175517003
201.18280866853743
226.54227038960653
103.52557977008708
250.03627041903476
258.0658822905836
239.33478433468406
205.58048219636208
255.9645260309202
265.79722104675005
222.2123537638343
260.1295946196464
195.44783269066937
260.71645818877994
271.8671136852174
244.82498160634037
279.33562364367936
256.66238685143213
253.20225731297887
257.24809698267904
264.6239093921767
222.98786505059311
251.23719319565103
267.76893115081504
250.88910219392258
261.62100657742894
278.2611274535656
241.5031382784227
249.3615639374358
264.58435523283737
278.6399308339961
275.72257765959034
234.080446774418
214.9986389251512
201.62509109135254
243.98273554628275
199.4367363968671
190.61336593799933
260.0132340698858
97.15348920854456
38.198055467844426
248.80435477743347
-23.640021356527242
-10.251955171861326
285.78501478749774
272.5543346761816
267.41934730927494
243.98200595857864
105.42065786195626
234.77550500568353
311.84354389465744
236.07665224491964
265.2129134341302
268.79384912433386
218.1376427779367
247.2723621202041
267.1258853370034
189.38225657930923
198.0428834288133
251.91744843660143
259.3958369240013
238.15643264291623
247.86498513970795
240.40016519530212
276.40382778204633
246.29226722766572
294.2617548055871
250.48781981488585
-255.22646374362998
119.379065106475
240.92144178278483
20.686340980428298
257.68032349316684
239.51508435074572
263.0514598599338
280.07238506969793
258.2397026920762
236.17104827982942
238.2600117061831
276.6460737309874
257.1169632965552
248.72373762645776
263.20890730045255
-277.9088121747802
263.0688723150239
252.17450898088106
170.86782748292075
253.71646691190318
251.8739342513744
223.2980572721594
249.60534995792852
1.863986411942662
259.2138611388988
279.71354197243465
272.3275243451149
275.6903348369802
257.2916045298863
249.34006624198736
272.36552242719483
243.45320647520046
254.02249857539843
70.75310811950922
288.73186507840927
279.5081560213712
259.800724585867
279.9666634971935
-14.953760653824972
-35.63282656714662
255.81809636810837
266.99634492103144
258.5047874143211
279.56341550450895
61.88671073468669
267.4020266157728
275.58878678684846
7.455957868429138
281.79155906811536
225.2349165415983
253.0965017258576
263.3055162417985
251.83350725008327
228.48709997517597
247.39968874703976
250.54002689084564
250.05794474890024
304.0363746763679
268.3411287428348
279.36703529927684
271.76068779618225
269.28947614839836
246.31008753447756
-7.063576258148572
229.79812746422752
251.6688804154693
282.01097822202894
258.8869954073149
202.20567843096683
253.7725623967909
249.1789242947229
232.17958364010843
238.5600178538669
228.4318223675752
256.86385602296775
271.7362698627571
50.03856614015345
275.1987217755606
194.22538833634746
16.76904183860799
-11.386251293584714
240.60602294275333
268.20193367044715
272.01876928424446
271.7227887190814
242.48024984398086
220.16379884050372
-110.9210157258121
237.21868348330386
238.69391885686073
260.15925991640466
208.09894917308546
288.0337951041337
272.9651111693329
257.2893890058532
221.48225336169
230.46305528544363
-175.27527877481992
-5.408797344996941
249.0331523837567
231.20655925551844
244.63622398701034
219.12627881811278
280.30943464319733
273.7386618453516
